3BA 34 3F 68 0 FC FF 0 0 0 0 0 0 0 0 0 0 0 0 0 0 0 0 0 0 0 0 0 0 0 0 0 0  
3BA 72 66 69 0 FC FF 0 0 0 0 0 0 0 0 0 0 0 0 0 0 0 0 0 0 0 0 0 0 0 0 0 0
3BA B8 8D 6A 0 FC FF 0 0 0 0 0 0 0 0 0 0 0 0 0 0 0 0 0 0 0 0 0 0 0 0 0 0
235 85 7E BE 0 0 0 0 0 40 34 67 0 0 11 19 0 0 0 9D 0 0 0 0 4 0 0 0 0 1 0 0 0  
2FA 17 36 BE 10 9D EF B2 B2 0 0 7 8 0 22 78 66 0 0 0 0 0 14 2 EA 0 0 72 1 0 28 D 4
150 B6 B8 BE C8 C8 0 28 7 6 7 6 0 3D 0 0 0 0 0 0 0 0 0 0 0 0 0 0 0 0 0 0 0  
1F5 A1 ED BE 0 0 0 0 C 33 0 D0 7 0 0 0 0 0 D4 3 98 3 0 0 0 E1 0 C8 C8 14 0 E1 0
3BA D 4A 6C 0 FC FF 0 0 0 0 0 0 0 0 0 0 0 0 0 0 0 0 0 0 0 0 0 0 0 0 0 0  
3BA 4B 13 6D 0 FC FF 0 0 0 0 0 0 0 0 0 0 0 0 0 0 0 0 0 0 0 0 0 0 0 0 0 0
3BA 81 F8 6E 0 FC FF 0 0 0 0 0 0 0 0 0 0 0 0 0 0 0 0 0 0 0 0 0 0 0 0 0 0  
3BA A3 90 6F 0 0 0 0 0 0 0 0 0 0 0 0 0 0 0 0 0 0 0 0 0 0 0 0 0 0 0 0 0
3BA 5A 42 70 0 F7 FF 0 0 0 0 0 0 0 0 0 0 0 0 0 0 0 0 0 0 0 0 0 0 0 0 0 0
3BA C5 48 71 0 FC FF 0 0 0 0 0 0 0 0 0 0 0 0 0 0 0 0 0 0 0 0 0 0 0 0 0 0  
215 DA B2 7D 1 9D EB D EC D EC D EC D ED D EA D EB D ED D EB D ED D EC D ED D ED D 0
3BA F A3 72 0 FC FF 0 0 0 0 0 0 0 0 0 0 0 0 0 0 0 0 0 0 0 0 0 0 0 0 0 0  
3BA 90 A9 73 0 F7 FF 0 0 0 0 0 0 0 0 0 0 0 0 0 0 0 0 0 0 0 0 0 0 0 0 0 0
3BA BA 64 74 0 FC FF 0 0 0 0 0 0 0 0 0 0 0 0 0 0 0 0 0 0 0 0 0 0 0 0 0 0
235 C3 27 BF 0 0 0 0 0 40 34 67 0 0 11 19 0 0 0 9D 0 0 0 0 4 0 0 0 0 1 0 0 0  
2FA A7 A9 BF 10 9D EF B2 B2 0 0 7 8 0 2D 78 66 0 0 0 0 0 14 2 EA 0 0 72 1 0 28 D 4
150 F0 E1 BF C8 C8 0 28 7 6 7 6 0 3D 0 0 0 0 0 0 0 0 0 0 0 0 0 0 0 0 0 0 0  
1F5 E7 B4 BF 0 0 0 0 C 33 0 D0 7 0 0 0 0 0 D4 3 98 3 0 0 0 E1 0 C8 C8 14 0 E1 0
335 7F 37 BF 0 4 66 EF B2 B2 0 0 7 8 0 2D F 0 E1 0 8 54 11 19 0 0 0 0 0 0 67 0 0  
3BA 36 D6 76 0 FC FF 0 0 0 0 0 0 0 0 0 0 0 0 0 0 0 0 0 0 0 0 0 0 0 0 0 0
3BA 70 8F 77 0 FC FF 0 0 0 0 0 0 0 0 0 0 0 0 0 0 0 0 0 0 0 0 0 0 0 0 0 0
3BA F1 FB 78 0 FC FF 0 0 0 0 0 0 0 0 0 0 0 0 0 0 0 0 0 0 0 0 0 0 0 0 0 0
3BA B7 A2 79 0 FC FF 0 0 0 0 0 0 0 0 0 0 0 0 0 0 0 0 0 0 0 0 0 0 0 0 0 0
3BA 7D 49 7A 0 FC FF 0 0 0 0 0 0 0 0 0 0 0 0 0 0 0 0 0 0 0 0 0 0 0 0 0 0  
3BA 3B 10 7B 0 FC FF 0 0 0 0 0 0 0 0 0 0 0 0 0 0 0 0 0 0 0 0 0 0 0 0 0 0  
215 63 BB 7F 2 1 9E 2 C6 2 9E 2 C6 2 A8 2 A8 2 76 2 A8 2 80 2 A8 2 9E 2 BC 2 94 2 0
3BA C8 8E 7C 0 FC FF 0 0 0 0 0 0 0 0 0 0 0 0 0 0 0 0 0 0 0 0 0 0 0 0 0 0
3BA 8E D7 7D 0 FC FF 0 0 0 0 0 0 0 0 0 0 0 0 0 0 0 0 0 0 0 0 0 0 0 0 0 0  
3BA 44 3C 7E 0 FC FF 0 0 0 0 0 0 0 0 0 0 0 0 0 0 0 0 0 0 0 0 0 0 0 0 0 0
235 5B 2D C0 0 0 0 0 0 40 34 67 0 0 11 19 0 0 0 9D 0 0 0 0 4 0 0 0 0 1 0 0 0  
2FA 3 26 C0 10 9D EF B1 B2 0 0 7 8 0 70 78 66 0 0 0 0 0 14 2 EA 0 0 72 1 0 28 D 4
150 68 EB C0 C8 C8 0 28 7 6 7 6 0 3D 0 0 0 0 0 0 0 0 0 0 0 0 0 0 0 0 0 0 0  
3BA 2 65 7F 0 FC FF 0 0 0 0 0 0 0 0 0 0 0 0 0 0 0 0 0 0 0 0 0 0 0 0 0 0
3BA AD 7A 80 0 F7 FF 0 0 0 0 0 0 0 0 0 0 0 0 0 0 0 0 0 0 0 0 0 0 0 0 0 0
215 A1 F2 80 2 E DA 2 A8 2 DA 2 B2 2 C6 2 0 0 0 0 0 0 0 0 0 0 0 0 0 0 0 0 0  
3BA 56 41 81 0 0 0 0 0 0 0 0 0 0 0 0 0 0 0 0 0 0 0 0 0 0 0 0 0 0 0 0 0
3BA F8 9B 82 0 FC FF 0 0 0 0 0 0 0 0 0 0 0 0 0 0 0 0 0 0 0 0 0 0 0 0 0 0  
3BA BE C2 83 0 FC FF 0 0 0 0 0 0 0 0 0 0 0 0 0 0 0 0 0 0 0 0 0 0 0 0 0 0
3BA 4D 5C 84 0 FC FF 0 0 0 0 0 0 0 0 0 0 0 0 0 0 0 0 0 0 0 0 0 0 0 0 0 0  
3BA B 5 85 0 FC FF 0 0 0 0 0 0 0 0 0 0 0 0 0 0 0 0 0 0 0 0 0 0 0 0 0 0
215 1A 1D 81 1 1 ED D EE D ED D EE D ED D EE D ED D EE D EE D EE D EE D ED D EC D 0
21A 2F 41 E1 1 3 0 0 66 0 0 0 0 1 7 0 0 B4 12 B8 B 1A 1D 81 1 1 ED D EE D ED D EE  
3BA C1 EE 86 0 FC FF 0 0 0 0 0 0 0 0 0 0 0 0 0 0 0 0 0 0 0 0 0 0 0 0 0 0
3BA 87 B7 87 0 FC FF 0 0 0 0 0 0 0 0 0 0 0 0 0 0 0 0 0 0 0 0 0 0 0 0 0 0  
3BA DF 90 88 0 F7 FF 0 0 0 0 0 0 0 0 0 0 0 0 0 0 0 0 0 0 0 0 0 0 0 0 0 0
235 1D 74 C1 0 0 0 0 0 40 34 67 0 0 11 19 0 0 0 9D 0 0 0 0 4 0 0 0 0 1 0 0 0  
2FA 92 D5 C1 10 9D EF B1 B2 0 0 7 8 0 A7 78 66 0 0 0 0 0 14 2 EA 0 0 72 1 0 28 D 4
3BA 24 AB 89 0 0 0 0 0 0 0 0 0 0 0 0 0 0 0 0 0 0 0 0 0 0 0 0 0 0 0 0 0
3BA 8A 71 8A 0 FC FF 0 0 0 0 0 0 0 0 0 0 0 0 0 0 0 0 0 0 0 0 0 0 0 0 0 0  
215 B9 7F 82 1 E EE D EE D ED D ED D EE D ED D EC D ED D ED D EE D ED D EA D EE D 0
3BA CC 28 8B 0 FC FF 0 0 0 0 0 0 0 0 0 0 0 0 0 0 0 0 0 0 0 0 0 0 0 0 0 0
3BA 3F B6 8C 0 FC FF 0 0 0 0 0 0 0 0 0 0 0 0 0 0 0 0 0 0 0 0 0 0 0 0 0 0  
3BA 79 EF 8D 0 FC FF 0 0 0 0 0 0 0 0 0 0 0 0 0 0 0 0 0 0 0 0 0 0 0 0 0 0
3BA B3 4 8E 0 FC FF 0 0 0 0 0 0 0 0 0 0 0 0 0 0 0 0 0 0 0 0 0 0 0 0 0 0  
3BA F5 5D 8F 0 FC FF 0 0 0 0 0 0 0 0 0 0 0 0 0 0 0 0 0 0 0 0 0 0 0 0 0 0
215 DC E5 83 1 1B ED D EE D EE D EE D EE D ED D EC D EE D EC D ED D ED D EE D EE D 0
3BA B1 ED 90 0 FC FF 0 0 0 0 0 0 0 0 0 0 0 0 0 0 0 0 0 0 0 0 0 0 0 0 0 0  
3BA F7 B4 91 0 FC FF 0 0 0 0 0 0 0 0 0 0 0 0 0 0 0 0 0 0 0 0 0 0 0 0 0 0
7EC 3 7F 22 31 AA AA AA AA
3BA E4 C 92 0 F7 FF 0 0 0 0 0 0 0 0 0 0 0 0 0 0 0 0 0 0 0 0 0 0 0 0 0 0  
235 D7 9F C2 0 0 0 0 0 40 34 67 0 0 11 19 0 0 0 9D 0 0 0 0 4 0 0 0 0 1 0 0 0
2FA D8 24 C2 10 9D EF B1 B2 0 0 7 8 0 AE 78 66 0 0 0 0 0 14 2 EA 0 0 72 1 0 28 D 4  
3BA 7B 6 93 0 FC FF 0 0 0 0 0 0 0 0 0 0 0 0 0 0 0 0 0 0 0 0 0 0 0 0 0 0
3BA 88 98 94 0 FC FF 0 0 0 0 0 0 0 0 0 0 0 0 0 0 0 0 0 0 0 0 0 0 0 0 0 0  
3BA CE C1 95 0 FC FF 0 0 0 0 0 0 0 0 0 0 0 0 0 0 0 0 0 0 0 0 0 0 0 0 0 0
3BA 4 2A 96 0 FC FF 0 0 0 0 0 0 0 0 0 0 0 0 0 0 0 0 0 0 0 0 0 0 0 0 0 0
3BA 42 73 97 0 FC FF 0 0 0 0 0 0 0 0 0 0 0 0 0 0 0 0 0 0 0 0 0 0 0 0 0 0  
3BA C3 7 98 0 FC FF 0 0 0 0 0 0 0 0 0 0 0 0 0 0 0 0 0 0 0 0 0 0 0 0 0 0
3BA 85 5E 99 0 FC FF 0 0 0 0 0 0 0 0 0 0 0 0 0 0 0 0 0 0 0 0 0 0 0 0 0 0  
215 15 71 85 1 35 EA D ED D EE D ED D EE D EE D EE D EE D EE D EF D EC D EE D ED D 0
3BA 4F B5 9A 0 FC FF 0 0 0 0 0 0 0 0 0 0 0 0 0 0 0 0 0 0 0 0 0 0 0 0 0 0  
3BA 9 EC 9B 0 FC FF 0 0 0 0 0 0 0 0 0 0 0 0 0 0 0 0 0 0 0 0 0 0 0 0 0 0
7EC 3 7F 22 31 AA AA AA AA
3BA FA 72 9C 0 FC FF 0 0 0 0 0 0 0 0 0 0 0 0 0 0 0 0 0 0 0 0 0 0 0 0 0 0
235 91 C6 C3 0 0 0 0 0 40 34 67 0 0 11 19 0 0 0 9D 0 0 0 0 4 0 0 0 0 1 0 0 0  
2FA D4 C5 C3 10 9D EF B2 B2 0 0 7 8 0 AF 78 66 0 0 0 0 0 14 2 EA 0 0 72 1 0 28 D 4
150 A2 0 C3 C8 C8 0 28 7 6 7 6 0 3D 0 0 0 0 0 0 0 0 0 0 0 0 0 0 0 0 0 0 0  
3BA 76 C0 9E 0 FC FF 0 0 0 0 0 0 0 0 0 0 0 0 0 0 0 0 0 0 0 0 0 0 0 0 0 0
215 63 8D 86 1 42 EE D EE D EE D EF D EE D EE D EF D ED D EE D ED D EC D EF D ED D 0
3BA 30 99 9F 0 FC FF 0 0 0 0 0 0 0 0 0 0 0 0 0 0 0 0 0 0 0 0 0 0 0 0 0 0  
3BA DF B0 A0 0 FC FF 0 0 0 0 0 0 0 0 0 0 0 0 0 0 0 0 0 0 0 0 0 0 0 0 0 0
3BA 99 E9 A1 0 FC FF 0 0 0 0 0 0 0 0 0 0 0 0 0 0 0 0 0 0 0 0 0 0 0 0 0 0  
3BA 53 2 A2 0 FC FF 0 0 0 0 0 0 0 0 0 0 0 0 0 0 0 0 0 0 0 0 0 0 0 0 0 0
3BA 15 5B A3 0 FC FF 0 0 0 0 0 0 0 0 0 0 0 0 0 0 0 0 0 0 0 0 0 0 0 0 0 0  
215 7D 57 87 1 4F ED D EE D EE D EE D EC D ED D ED D ED D EE D EE D EC D EE D EC D 0
3BA 3F 96 A4 0 F7 FF 0 0 0 0 0 0 0 0 0 0 0 0 0 0 0 0 0 0 0 0 0 0 0 0 0 0
3BA A0 9C A5 0 FC FF 0 0 0 0 0 0 0 0 0 0 0 0 0 0 0 0 0 0 0 0 0 0 0 0 0 0  
7EC 3 7F 22 31 AA AA AA AA
3BA 6A 77 A6 0 FC FF 0 0 0 0 0 0 0 0 0 0 0 0 0 0 0 0 0 0 0 0 0 0 0 0 0 0
235 62 58 C4 0 0 0 0 0 40 34 67 0 0 11 19 0 0 0 9D 0 0 0 0 4 0 0 0 0 1 0 0 0  
2FA CB 7E C4 10 9D EF B2 B2 0 0 7 8 0 21 78 66 0 0 0 0 0 14 2 EA 0 0 72 1 0 28 D 4  
325 4E 64 C4 0 10 0 0 0 0 0 0 0 1 0 0 0 D0 7 E1 0 0 D4 3 0 C8 98 3 0 0 0 0 0
3BA AD 5A A8 0 FC FF 0 0 0 0 0 0 0 0 0 0 0 0 0 0 0 0 0 0 0 0 0 0 0 0 0 0  
215 BC 35 88 1 5C EE D ED D ED D EE D EE D EE D EE D EE D EE D EE D ED D ED D EE D 0
3BA EB 3 A9 0 FC FF 0 0 0 0 0 0 0 0 0 0 0 0 0 0 0 0 0 0 0 0 0 0 0 0 0 0  
3BA 21 E8 AA 0 FC FF 0 0 0 0 0 0 0 0 0 0 0 0 0 0 0 0 0 0 0 0 0 0 0 0 0 0
3BA 67 B1 AB 0 FC FF 0 0 0 0 0 0 0 0 0 0 0 0 0 0 0 0 0 0 0 0 0 0 0 0 0 0
3BA F0 1E AC 0 0 0 0 0 0 0 0 0 0 0 0 0 0 0 0 0 0 0 0 0 0 0 0 0 0 0 0 0  
3BA B 25 AD 0 F7 FF 0 0 0 0 0 0 0 0 0 0 0 0 0 0 0 0 0 0 0 0 0 0 0 0 0 0
215 43 2D 89 1 69 EC D EE D ED D EC D ED D EE D EE D EE D EE D EA D EE D EE D EE D 0  
3BA 18 9D AE 0 FC FF 0 0 0 0 0 0 0 0 0 0 0 0 0 0 0 0 0 0 0 0 0 0 0 0 0 0
3BA 87 97 AF 0 F7 FF 0 0 0 0 0 0 0 0 0 0 0 0 0 0 0 0 0 0 0 0 0 0 0 0 0 0  
7EC 3 7F 22 31 AA AA AA AA
3BA 1A 74 B0 0 FC FF 0 0 0 0 0 0 0 0 0 0 0 0 0 0 0 0 0 0 0 0 0 0 0 0 0 0
235 24 1 C5 0 0 0 0 0 40 34 67 0 0 11 19 0 0 0 9D 0 0 0 0 4 0 0 0 0 1 0 0 0  
3BA 5C 2D B1 0 FC FF 0 0 0 0 0 0 0 0 0 0 0 0 0 0 0 0 0 0 0 0 0 0 0 0 0 0
3BA 4F 95 B2 0 F7 FF 0 0 0 0 0 0 0 0 0 0 0 0 0 0 0 0 0 0 0 0 0 0 0 0 0 0
215 53 A 8A 1 76 EC D EE D EF D E7 D EE D EE D EE D EE D EE D E9 D EE D EE D EE D 0  
3BA B4 AE B3 0 0 0 0 0 0 0 0 0 0 0 0 0 0 0 0 0 0 0 0 0 0 0 0 0 0 0 0 0
3BA 23 1 B4 0 FC FF 0 0 0 0 0 0 0 0 0 0 0 0 0 0 0 0 0 0 0 0 0 0 0 0 0 0  
3BA 65 58 B5 0 FC FF 0 0 0 0 0 0 0 0 0 0 0 0 0 0 0 0 0 0 0 0 0 0 0 0 0 0
3BA AF B3 B6 0 FC FF 0 0 0 0 0 0 0 0 0 0 0 0 0 0 0 0 0 0 0 0 0 0 0 0 0 0  
3BA E9 EA B7 0 FC FF 0 0 0 0 0 0 0 0 0 0 0 0 0 0 0 0 0 0 0 0 0 0 0 0 0 0
215 91 86 8B 1 83 ED D EC D EA D ED D EE D ED D ED D ED D EE D ED D EC D EC D ED D 0
3BA 68 9E B8 0 FC FF 0 0 0 0 0 0 0 0 0 0 0 0 0 0 0 0 0 0 0 0 0 0 0 0 0 0
3BA 4A F6 B9 0 0 0 0 0 0 0 0 0 0 0 0 0 0 0 0 0 0 0 0 0 0 0 0 0 0 0 0 0  
3BA 3D 7F BA 0 F7 FF 0 0 0 0 0 0 0 0 0 0 0 0 0 0 0 0 0 0 0 0 0 0 0 0 0 0
235 EE EA C6 0 0 0 0 0 40 34 67 0 0 11 19 0 0 0 9D 0 0 0 0 4 0 0 0 0 1 0 0 0  
2FA 36 9 C6 10 9D EF B1 B2 0 0 7 8 0 2D 78 66 0 0 0 0 0 14 2 EA 0 0 72 1 0 28 D 4
55 68 A7 77 D 22 0 E6 EA F0 D E7 D 0 0 0 63 0 0 0 0 0 0 0 0 0 0 0 0 0 0 0 0
150 DD 2C C6 C8 C8 0 28 7 6 7 6 0 3D 0 0 0 0 0 0 0 0 0 0 0 0 0 0 0 0 0 0 0  
3BA A2 75 BB 0 FC FF 0 0 0 0 0 0 0 0 0 0 0 0 0 0 0 0 0 0 0 0 0 0 0 0 0 0
3BA 51 EB BC 0 FC FF 0 0 0 0 0 0 0 0 0 0 0 0 0 0 0 0 0 0 0 0 0 0 0 0 0 0  
215 81 8F 8C 1 90 EE D EE D ED D ED D EE D ED D EE D ED D EF D EE D ED D EB D ED D 0
3BA 17 B2 BD 0 FC FF 0 0 0 0 0 0 0 0 0 0 0 0 0 0 0 0 0 0 0 0 0 0 0 0 0 0  
3BA DD 59 BE 0 FC FF 0 0 0 0 0 0 0 0 0 0 0 0 0 0 0 0 0 0 0 0 0 0 0 0 0 0
3BA 9B 0 BF 0 FC FF 0 0 0 0 0 0 0 0 0 0 0 0 0 0 0 0 0 0 0 0 0 0 0 0 0 0
3BA 3 A C0 0 FC FF 0 0 0 0 0 0 0 0 0 0 0 0 0 0 0 0 0 0 0 0 0 0 0 0 0 0  
3BA 45 53 C1 0 FC FF 0 0 0 0 0 0 0 0 0 0 0 0 0 0 0 0 0 0 0 0 0 0 0 0 0 0
215 3F 68 8D 1 9D EC D EC D EC D EC D ED D EA D EA D ED D EB D ED D EC D ED D ED D 0  
3BA 56 EB C2 0 F7 FF 0 0 0 0 0 0 0 0 0 0 0 0 0 0 0 0 0 0 0 0 0 0 0 0 0 0
3BA C9 E1 C3 0 FC FF 0 0 0 0 0 0 0 0 0 0 0 0 0 0 0 0 0 0 0 0 0 0 0 0 0 0  
3BA 3A 7F C4 0 FC FF 0 0 0 0 0 0 0 0 0 0 0 0 0 0 0 0 0 0 0 0 0 0 0 0 0 0
235 A8 B3 C7 0 0 0 0 0 40 34 67 0 0 11 19 0 0 0 9D 0 0 0 0 4 0 0 0 0 1 0 0 0
2FA F0 B8 C7 10 9D EF B1 B2 0 0 7 8 0 70 78 66 0 0 0 0 0 14 2 EA 0 0 72 1 0 28 D 4  
150 9B 75 C7 C8 C8 0 28 7 6 7 6 0 3D 0 0 0 0 0 0 0 0 0 0 0 0 0 0 0 0 0 0 0
1F5 8C 20 C7 0 0 0 0 C 33 0 D0 7 0 0 0 0 0 D4 3 98 3 0 0 0 E1 0 C8 C8 14 0 E1 0  
3BA 7C 26 C5 0 FC FF 0 0 0 0 0 0 0 0 0 0 0 0 0 0 0 0 0 0 0 0 0 0 0 0 0 0
3BA B6 CD C6 0 FC FF 0 0 0 0 0 0 0 0 0 0 0 0 0 0 0 0 0 0 0 0 0 0 0 0 0 0
3BA F0 94 C7 0 FC FF 0 0 0 0 0 0 0 0 0 0 0 0 0 0 0 0 0 0 0 0 0 0 0 0 0 0  
3BA 71 E0 C8 0 FC FF 0 0 0 0 0 0 0 0 0 0 0 0 0 0 0 0 0 0 0 0 0 0 0 0 0 0
3BA 37 B9 C9 0 FC FF 0 0 0 0 0 0 0 0 0 0 0 0 0 0 0 0 0 0 0 0 0 0 0 0 0 0  
3BA FD 52 CA 0 FC FF 0 0 0 0 0 0 0 0 0 0 0 0 0 0 0 0 0 0 0 0 0 0 0 0 0 0
3BA BB B CB 0 FC FF 0 0 0 0 0 0 0 0 0 0 0 0 0 0 0 0 0 0 0 0 0 0 0 0 0 0  
215 94 83 8F 2 1 9E 2 C6 2 9E 2 C6 2 A8 2 A8 2 76 2 A8 2 80 2 A8 2 9E 2 BC 2 94 2 0  
3BA 48 95 CC 0 FC FF 0 0 0 0 0 0 0 0 0 0 0 0 0 0 0 0 0 0 0 0 0 0 0 0 0 0
3BA E CC CD 0 FC FF 0 0 0 0 0 0 0 0 0 0 0 0 0 0 0 0 0 0 0 0 0 0 0 0 0 0
3BA C4 27 CE 0 FC FF 0 0 0 0 0 0 0 0 0 0 0 0 0 0 0 0 0 0 0 0 0 0 0 0 0 0  
235 29 C7 C8 0 0 0 0 0 40 34 67 0 0 11 19 0 0 0 9D 0 0 0 0 4 0 0 0 0 1 0 0 0
2FA A6 66 C8 10 9D EF B1 B2 0 0 7 8 0 A7 78 66 0 0 0 0 0 14 2 EA 0 0 72 1 0 28 D 4  
150 1A 1 C8 C8 C8 0 28 7 6 7 6 0 3D 0 0 0 0 0 0 0 0 0 0 0 0 0 0 0 0 0 0 0
1F5 D 54 C8 0 0 0 0 C 33 0 D0 7 0 0 0 0 0 D4 3 98 3 0 0 0 E1 0 C8 C8 14 0 E1 0  
3BA C6 CE D0 0 FC FF 0 0 0 0 0 0 0 0 0 0 0 0 0 0 0 0 0 0 0 0 0 0 0 0 0 0
215 64 36 90 2 E DA 2 A8 2 DA 2 B2 2 C6 2 0 0 0 0 0 0 0 0 0 0 0 0 0 0 0 0 0
3BA 80 97 D1 0 FC FF 0 0 0 0 0 0 0 0 0 0 0 0 0 0 0 0 0 0 0 0 0 0 0 0 0 0  
3BA 4A 7C D2 0 FC FF 0 0 0 0 0 0 0 0 0 0 0 0 0 0 0 0 0 0 0 0 0 0 0 0 0 0
3BA C 25 D3 0 FC FF 0 0 0 0 0 0 0 0 0 0 0 0 0 0 0 0 0 0 0 0 0 0 0 0 0 0  
3BA FF BB D4 0 FC FF 0 0 0 0 0 0 0 0 0 0 0 0 0 0 0 0 0 0 0 0 0 0 0 0 0 0
3BA B9 E2 D5 0 FC FF 0 0 0 0 0 0 0 0 0 0 0 0 0 0 0 0 0 0 0 0 0 0 0 0 0 0
215 88 7D 91 1 1 ED D ED D ED D EE D EE D EE D ED D EE D EE D EE D ED D EE D EC D 0  
3BA 73 9 D6 0 FC FF 0 0 0 0 0 0 0 0 0 0 0 0 0 0 0 0 0 0 0 0 0 0 0 0 0 0
3BA 35 50 D7 0 FC FF 0 0 0 0 0 0 0 0 0 0 0 0 0 0 0 0 0 0 0 0 0 0 0 0 0 0  
3BA B4 24 D8 0 FC FF 0 0 0 0 0 0 0 0 0 0 0 0 0 0 0 0 0 0 0 0 0 0 0 0 0 0
235 6F 9E C9 0 0 0 0 0 40 34 67 0 0 11 19 0 0 0 9D 0 0 0 0 4 0 0 0 0 1 0 0 0  
2FA 60 25 C9 10 9D EF B1 B2 0 0 7 8 0 AE 78 66 0 0 0 0 0 14 2 EA 0 0 72 1 0 28 D 4
150 5C 58 C9 C8 C8 0 28 7 6 7 6 0 3D 0 0 0 0 0 0 0 0 0 0 0 0 0 0 0 0 0 0 0  
1F5 4B D C9 0 0 0 0 C 33 0 D0 7 0 0 0 0 0 D4 3 98 3 0 0 0 E1 0 C8 C8 14 0 E1 0
365 24 91 C9 0 0 0 0 1 0 0 0 0 0 1 0 0 0 1 0 EF EF 0 EF 0 0 0 0 0 0 0 0 0
3BA 38 96 DA 0 FC FF 0 0 0 0 0 0 0 0 0 0 0 0 0 0 0 0 0 0 0 0 0 0 0 0 0 0  
215 39 46 92 1 E EE D ED D EE D ED D EE D ED D EC D ED D EE D EE D EE D EA D ED D 0
3BA 7E CF DB 0 FC FF 0 0 0 0 0 0 0 0 0 0 0 0 0 0 0 0 0 0 0 0 0 0 0 0 0 0  
3BA 8D 51 DC 0 FC FF 0 0 0 0 0 0 0 0 0 0 0 0 0 0 0 0 0 0 0 0 0 0 0 0 0 0  
3BA CB 8 DD 0 FC FF 0 0 0 0 0 0 0 0 0 0 0 0 0 0 0 0 0 0 0 0 0 0 0 0 0 0
3BA 1 E3 DE 0 FC FF 0 0 0 0 0 0 0 0 0 0 0 0 0 0 0 0 0 0 0 0 0 0 0 0 0 0
3BA 47 BA DF 0 FC FF 0 0 0 0 0 0 0 0 0 0 0 0 0 0 0 0 0 0 0 0 0 0 0 0 0 0  
215 66 9E 93 1 1B EC D EE D EE D EE D EE D EE D EC D EE D ED D EE D ED D EE D EE D 0
3BA A8 93 E0 0 FC FF 0 0 0 0 0 0 0 0 0 0 0 0 0 0 0 0 0 0 0 0 0 0 0 0 0 0  
3BA EE CA E1 0 FC FF 0 0 0 0 0 0 0 0 0 0 0 0 0 0 0 0 0 0 0 0 0 0 0 0 0 0
3BA 24 21 E2 0 FC FF 0 0 0 0 0 0 0 0 0 0 0 0 0 0 0 0 0 0 0 0 0 0 0 0 0 0  
235 A5 75 CA 0 0 0 0 0 40 34 67 0 0 11 19 0 0 0 9D 0 0 0 0 4 0 0 0 0 1 0 0 0
2FA 5C 1B CA 10 9D EF B1 B2 0 0 7 8 0 AF 78 66 0 0 0 0 0 14 2 EA 0 0 72 1 0 28 D 4
3BA 62 78 E3 0 FC FF 0 0 0 0 0 0 0 0 0 0 0 0 0 0 0 0 0 0 0 0 0 0 0 0 0 0  
3BA 48 B5 E4 0 F7 FF 0 0 0 0 0 0 0 0 0 0 0 0 0 0 0 0 0 0 0 0 0 0 0 0 0 0
215 E7 EB 94 1 28 EE D EE D EE D EE D EE D EA D EE D EE D EE D EE D EC D EE D ED D 0  
3BA D7 BF E5 0 FC FF 0 0 0 0 0 0 0 0 0 0 0 0 0 0 0 0 0 0 0 0 0 0 0 0 0 0
3BA 1D 54 E6 0 FC FF 0 0 0 0 0 0 0 0 0 0 0 0 0 0 0 0 0 0 0 0 0 0 0 0 0 0  
3BA 5B D E7 0 FC FF 0 0 0 0 0 0 0 0 0 0 0 0 0 0 0 0 0 0 0 0 0 0 0 0 0 0
3BA DA 79 E8 0 FC FF 0 0 0 0 0 0 0 0 0 0 0 0 0 0 0 0 0 0 0 0 0 0 0 0 0 0
3BA 9C 20 E9 0 FC FF 0 0 0 0 0 0 0 0 0 0 0 0 0 0 0 0 0 0 0 0 0 0 0 0 0 0  
215 95 65 95 1 35 EB D ED D EE D EC D EE D EE D EE D EE D EF D EE D EC D ED D ED D 0
21A 32 34 E2 1 3 0 0 66 0 0 0 0 1 7 0 0 B4 12 B8 B 95 65 95 1 35 EB D ED D EE D EC  
3BA 56 CB EA 0 FC FF 0 0 0 0 0 0 0 0 0 0 0 0 0 0 0 0 0 0 0 0 0 0 0 0 0 0
3BA 10 92 EB 0 FC FF 0 0 0 0 0 0 0 0 0 0 0 0 0 0 0 0 0 0 0 0 0 0 0 0 0 0  
3BA 3A 5F EC 0 F7 FF 0 0 0 0 0 0 0 0 0 0 0 0 0 0 0 0 0 0 0 0 0 0 0 0 0 0
235 E3 2C CB 0 0 0 0 0 40 34 67 0 0 11 19 0 0 0 9D 0 0 0 0 4 0 0 0 0 1 0 0 0  
2FA 4A A CB 10 9D EF B2 B2 0 0 7 8 0 21 78 66 0 0 0 0 0 14 2 EA 0 0 72 1 0 28 D 4
3BA A5 55 ED 0 FC FF 0 0 0 0 0 0 0 0 0 0 0 0 0 0 0 0 0 0 0 0 0 0 0 0 0 0  
3BA B6 ED EE 0 F7 FF 0 0 0 0 0 0 0 0 0 0 0 0 0 0 0 0 0 0 0 0 0 0 0 0 0 0
215 78 B5 96 1 42 ED D EE D EF D EF D EE D EE D EF D ED D EE D ED D EC D EE D ED D 0  
3BA F0 B4 EF 0 F7 FF 0 0 0 0 0 0 0 0 0 0 0 0 0 0 0 0 0 0 0 0 0 0 0 0 0 0
3BA 6D 57 F0 0 FC FF 0 0 0 0 0 0 0 0 0 0 0 0 0 0 0 0 0 0 0 0 0 0 0 0 0 0  
3BA 2B E F1 0 FC FF 0 0 0 0 0 0 0 0 0 0 0 0 0 0 0 0 0 0 0 0 0 0 0 0 0 0
3BA 85 D4 F2 0 0 0 0 0 0 0 0 0 0 0 0 0 0 0 0 0 0 0 0 0 0 0 0 0 0 0 0 0
No SSID available
Connecting to ASUS
3BA A7 BC F3 0 FC FF 0 0 0 0 0 0 0 0 0 0 0 0 0 0 0 0 0 0 0 0 0 0 0 0 0 0
215 3C 7 97 1 4F ED D EE D EE D EE D ED D ED D ED D ED D EE D EE D ED D EE D ED D 0  
3BA 54 22 F4 0 FC FF 0 0 0 0 0 0 0 0 0 0 0 0 0 0 0 0 0 0 0 0 0 0 0 0 0 0
3BA 12 7B F5 0 FC FF 0 0 0 0 0 0 0 0 0 0 0 0 0 0 0 0 0 0 0 0 0 0 0 0 0 0  
3BA D8 90 F6 0 FC FF 0 0 0 0 0 0 0 0 0 0 0 0 0 0 0 0 0 0 0 0 0 0 0 0 0 0
235 10 B2 CC 0 0 0 0 0 40 34 67 0 0 11 19 0 0 0 9D 0 0 0 0 4 0 0 0 0 1 0 0 0  
2FA 3E 97 CC 10 9D EF B1 B2 0 0 7 8 0 22 78 66 0 0 0 0 0 14 2 EA 0 0 72 1 0 28 D 4
150 23 74 CC C8 C8 0 28 7 6 7 6 0 3D 0 0 0 0 0 0 0 0 0 0 0 0 0 0 0 0 0 0 0
1F5 34 21 CC 0 0 0 0 C 33 0 D0 7 0 0 0 0 0 D4 3 98 3 0 0 0 E1 0 C8 C8 14 0 E1 0  
3BA 9E C9 F7 0 FC FF 0 0 0 0 0 0 0 0 0 0 0 0 0 0 0 0 0 0 0 0 0 0 0 0 0 0
3BA 59 E4 F9 0 FC FF 0 0 0 0 0 0 0 0 0 0 0 0 0 0 0 0 0 0 0 0 0 0 0 0 0 0  
3BA F7 3E FA 0 0 0 0 0 0 0 0 0 0 0 0 0 0 0 0 0 0 0 0 0 0 0 0 0 0 0 0 0
3BA C 5 FB 0 F7 FF 0 0 0 0 0 0 0 0 0 0 0 0 0 0 0 0 0 0 0 0 0 0 0 0 0 0  
3BA 26 C8 FC 0 FC FF 0 0 0 0 0 0 0 0 0 0 0 0 0 0 0 0 0 0 0 0 0 0 0 0 0 0
3BA 60 91 FD 0 FC FF 0 0 0 0 0 0 0 0 0 0 0 0 0 0 0 0 0 0 0 0 0 0 0 0 0 0  
215 DF 64 99 1 69 EE D EF D EE D EC D ED D EE D ED D EE D EE D E9 D EE D EE D ED D 0
3BA AA 7A FE 0 FC FF 0 0 0 0 0 0 0 0 0 0 0 0 0 0 0 0 0 0 0 0 0 0 0 0 0 0  
3BA EC 23 FF 0 FC FF 0 0 0 0 0 0 0 0 0 0 0 0 0 0 0 0 0 0 0 0 0 0 0 0 0 0
3BA 9A 6F 0 0 FC FF 0 0 0 0 0 0 0 0 0 0 0 0 0 0 0 0 0 0 0 0 0 0 0 0 0 0  
235 56 EB CD 0 0 0 0 0 40 34 67 0 0 11 19 0 0 0 9D 0 0 0 0 4 0 0 0 0 1 0 0 0
2FA 32 65 CD 10 9D EF B2 B2 0 0 7 8 0 2D 78 66 0 0 0 0 0 14 2 EA 0 0 72 1 0 28 D 4  
150 65 2D CD C8 C8 0 28 7 6 7 6 0 3D 0 0 0 0 0 0 0 0 0 0 0 0 0 0 0 0 0 0 0
1F5 72 78 CD 0 0 0 0 C 33 0 D0 7 0 0 0 0 0 D4 3 98 3 0 0 0 E1 0 C8 C8 14 0 E1 0
25A 2C 71 CD 4C 3C 1E 0 0 0 0 33 0 A7 3D EF 0 0 C8 0 0 0 80 B4 70 AB E 7 0 0 0 0 0  
3BA 16 DD 2 0 FC FF 0 0 0 0 0 0 0 0 0 0 0 0 0 0 0 0 0 0 0 0 0 0 0 0 0 0
215 95 EB 9A 1 76 ED D ED D EF D E8 D ED D EE D EE D EE D ED D EA D EE D EE D EE D 0  
3BA 50 84 3 0 FC FF 0 0 0 0 0 0 0 0 0 0 0 0 0 0 0 0 0 0 0 0 0 0 0 0 0 0
3BA A3 1A 4 0 FC FF 0 0 0 0 0 0 0 0 0 0 0 0 0 0 0 0 0 0 0 0 0 0 0 0 0 0  
3BA E5 43 5 0 FC FF 0 0 0 0 0 0 0 0 0 0 0 0 0 0 0 0 0 0 0 0 0 0 0 0 0 0
3BA 2F A8 6 0 FC FF 0 0 0 0 0 0 0 0 0 0 0 0 0 0 0 0 0 0 0 0 0 0 0 0 0 0
3BA 69 F1 7 0 FC FF 0 0 0 0 0 0 0 0 0 0 0 0 0 0 0 0 0 0 0 0 0 0 0 0 0 0  
215 25 1F 9B 1 83 EC D ED D EA D EE D EE D ED D ED D ED D ED D EC D EC D EC D ED D 0
3BA E8 85 8 0 FC FF 0 0 0 0 0 0 0 0 0 0 0 0 0 0 0 0 0 0 0 0 0 0 0 0 0 0  
3BA 77 8F 9 0 F7 FF 0 0 0 0 0 0 0 0 0 0 0 0 0 0 0 0 0 0 0 0 0 0 0 0 0 0
3BA 64 37 A 0 FC FF 0 0 0 0 0 0 0 0 0 0 0 0 0 0 0 0 0 0 0 0 0 0 0 0 0 0  
235 9C 0 CE 0 0 0 0 0 40 34 67 0 0 11 19 0 0 0 9D 0 0 0 0 4 0 0 0 0 1 0 0 0
2FA 78 66 CE 10 9D EF B2 B2 0 0 7 8 0 70 78 66 0 0 0 0 0 14 2 EA 0 0 72 1 0 28 D 4
330 E8 E0 CE F1 0 0 0 0 0 0 0 0 0 0 0 0 0 0 0 0 0 0 0 C8 C8 0 0 0 E6 7F E6 7F  
3BA 22 6E B 0 FC FF 0 0 0 0 0 0 0 0 0 0 0 0 0 0 0 0 0 0 0 0 0 0 0 0 0 0
3BA D1 F0 C 0 FC FF 0 0 0 0 0 0 0 0 0 0 0 0 0 0 0 0 0 0 0 0 0 0 0 0 0 0  
3BA 97 A9 D 0 FC FF 0 0 0 0 0 0 0 0 0 0 0 0 0 0 0 0 0 0 0 0 0 0 0 0 0 0  
3BA 5D 42 E 0 FC FF 0 0 0 0 0 0 0 0 0 0 0 0 0 0 0 0 0 0 0 0 0 0 0 0 0 0
3BA 1B 1B F 0 FC FF 0 0 0 0 0 0 0 0 0 0 0 0 0 0 0 0 0 0 0 0 0 0 0 0 0 0
3BA 5F AB 10 0 FC FF 0 0 0 0 0 0 0 0 0 0 0 0 0 0 0 0 0 0 0 0 0 0 0 0 0 0  
3BA 19 F2 11 0 FC FF 0 0 0 0 0 0 0 0 0 0 0 0 0 0 0 0 0 0 0 0 0 0 0 0 0 0
215 C5 C8 9D 1 9D EC D EC D EC D EC D ED D EA D EA D EC D EC D EC D EC D EE D ED D 0  
3BA D3 19 12 0 FC FF 0 0 0 0 0 0 0 0 0 0 0 0 0 0 0 0 0 0 0 0 0 0 0 0 0 0
3BA 95 40 13 0 FC FF 0 0 0 0 0 0 0 0 0 0 0 0 0 0 0 0 0 0 0 0 0 0 0 0 0 0  
3BA 66 DE 14 0 FC FF 0 0 0 0 0 0 0 0 0 0 0 0 0 0 0 0 0 0 0 0 0 0 0 0 0 0
235 DA 59 CF 0 0 0 0 0 40 34 67 0 0 11 19 0 0 0 9D 0 0 0 0 4 0 0 0 0 1 0 0 0
2FA E9 95 CF 10 9D EF B2 B2 0 0 7 8 0 A7 78 66 0 0 0 0 0 14 2 EA 0 0 72 1 0 28 D 4  
150 E9 9F CF C8 C8 0 28 7 6 7 6 0 3D 0 0 0 0 0 0 0 0 0 0 0 0 0 0 0 0 0 0 0
3BA 20 87 15 0 FC FF 0 0 0 0 0 0 0 0 0 0 0 0 0 0 0 0 0 0 0 0 0 0 0 0 0 0  
3BA EA 6C 16 0 FC FF 0 0 0 0 0 0 0 0 0 0 0 0 0 0 0 0 0 0 0 0 0 0 0 0 0 0
215 C2 BC 9E 1 AA EF D F0 D F0 D F0 D EE D EF D EE D F0 D EF D EC D EE D 0 0 0 0 0  
3BA AC 35 17 0 FC FF 0 0 0 0 0 0 0 0 0 0 0 0 0 0 0 0 0 0 0 0 0 0 0 0 0 0
3BA 2D 41 18 0 FC FF 0 0 0 0 0 0 0 0 0 0 0 0 0 0 0 0 0 0 0 0 0 0 0 0 0 0
3BA 6B 18 19 0 FC FF 0 0 0 0 0 0 0 0 0 0 0 0 0 0 0 0 0 0 0 0 0 0 0 0 0 0  
3BA C5 C2 1A 0 0 0 0 0 0 0 0 0 0 0 0 0 0 0 0 0 0 0 0 0 0 0 0 0 0 0 0 0
3BA E7 AA 1B 0 FC FF 0 0 0 0 0 0 0 0 0 0 0 0 0 0 0 0 0 0 0 0 0 0 0 0 0 0  
215 51 47 9F 2 1 9E 2 C6 2 9E 2 C6 2 A8 2 A8 2 76 2 A8 2 80 2 A8 2 9E 2 BC 2 94 2 0
3BA 14 34 1C 0 FC FF 0 0 0 0 0 0 0 0 0 0 0 0 0 0 0 0 0 0 0 0 0 0 0 0 0 0  
3BA 52 6D 1D 0 FC FF 0 0 0 0 0 0 0 0 0 0 0 0 0 0 0 0 0 0 0 0 0 0 0 0 0 0
3BA 98 86 1E 0 FC FF 0 0 0 0 0 0 0 0 0 0 0 0 0 0 0 0 0 0 0 0 0 0 0 0 0 0
235 9E E9 D0 0 0 0 0 0 40 34 67 0 0 11 19 0 0 0 9D 0 0 0 0 4 0 0 0 0 1 0 0 0  
3BA DE DF 1F 0 FC FF 0 0 0 0 0 0 0 0 0 0 0 0 0 0 0 0 0 0 0 0 0 0 0 0 0 0  
3BA 55 C7 20 0 0 0 0 0 0 0 0 0 0 0 0 0 0 0 0 0 0 0 0 0 0 0 0 0 0 0 0 0
215 51 89 A0 2 E DA 2 A8 2 DA 2 A8 2 C6 2 0 0 0 0 0 0 0 0 0 0 0 0 0 0 0 0 0  
3BA 77 AF 21 0 FC FF 0 0 0 0 0 0 0 0 0 0 0 0 0 0 0 0 0 0 0 0 0 0 0 0 0 0
3BA D9 75 22 0 0 0 0 0 0 0 0 0 0 0 0 0 0 0 0 0 0 0 0 0 0 0 0 0 0 0 0 0
3BA FB 1D 23 0 FC FF 0 0 0 0 0 0 0 0 0 0 0 0 0 0 0 0 0 0 0 0 0 0 0 0 0 0  
3BA 8 83 24 0 FC FF 0 0 0 0 0 0 0 0 0 0 0 0 0 0 0 0 0 0 0 0 0 0 0 0 0 0
3BA 4E DA 25 0 FC FF 0 0 0 0 0 0 0 0 0 0 0 0 0 0 0 0 0 0 0 0 0 0 0 0 0 0  
215 1B BB A1 1 1 ED D ED D ED D EE D ED D EE D ED D EE D EE D EE D EE D ED D EC D 0
3BA E0 0 26 0 0 0 0 0 0 0 0 0 0 0 0 0 0 0 0 0 0 0 0 0 0 0 0 0 0 0 0 0  
3BA 1B 3B 27 0 F7 FF 0 0 0 0 0 0 0 0 0 0 0 0 0 0 0 0 0 0 0 0 0 0 0 0 0 0
3BA 43 1C 28 0 FC FF 0 0 0 0 0 0 0 0 0 0 0 0 0 0 0 0 0 0 0 0 0 0 0 0 0 0
235 D8 B0 D1 0 0 0 0 0 40 34 67 0 0 11 19 0 0 0 9D 0 0 0 0 4 0 0 0 0 1 0 0 0  
2FA 21 DE D1 10 9D EF B1 B2 0 0 7 8 0 AF 78 66 0 0 0 0 0 14 2 EA 0 0 72 1 0 28 D 4
150 EB 76 D1 C8 C8 0 28 7 6 7 6 0 3D 0 0 0 0 0 0 0 0 0 0 0 0 0 0 0 0 0 0 0  
3BA 5 45 29 0 FC FF 0 0 0 0 0 0 0 0 0 0 0 0 0 0 0 0 0 0 0 0 0 0 0 0 0 0
3BA CF AE 2A 0 FC FF 0 0 0 0 0 0 0 0 0 0 0 0 0 0 0 0 0 0 0 0 0 0 0 0 0 0
215 F 4F A2 1 E EE D ED D EE D ED D ED D ED D EC D ED D ED D EE D ED D E9 D ED D 0  
7EC 10 27 62 1 B FF FF FF
3BA 7A 69 2C 0 FC FF 0 0 0 0 0 0 0 0 0 0 0 0 0 0 0 0 0 0 0 0 0 0 0 0 0 0  
3BA 3C 30 2D 0 FC FF 0 0 0 0 0 0 0 0 0 0 0 0 0 0 0 0 0 0 0 0 0 0 0 0 0 0
3BA 2F 88 2E 0 F7 FF 0 0 0 0 0 0 0 0 0 0 0 0 0 0 0 0 0 0 0 0 0 0 0 0 0 0
3BA B0 82 2F 0 FC FF 0 0 0 0 0 0 0 0 0 0 0 0 0 0 0 0 0 0 0 0 0 0 0 0 0 0  
215 EE 41 A3 1 1B ED D EE D EE D EE D EE D ED D EC D EE D ED D EE D ED D EE D EE D 0
3BA F4 32 30 0 FC FF 0 0 0 0 0 0 0 0 0 0 0 0 0 0 0 0 0 0 0 0 0 0 0 0 0 0  
3BA B2 6B 31 0 FC FF 0 0 0 0 0 0 0 0 0 0 0 0 0 0 0 0 0 0 0 0 0 0 0 0 0 0  
3BA 78 80 32 0 FC FF 0 0 0 0 0 0 0 0 0 0 0 0 0 0 0 0 0 0 0 0 0 0 0 0 0 0
235 12 5B D2 0 0 0 0 0 40 34 67 0 0 11 19 0 0 0 9D 0 0 0 0 4 0 0 0 0 1 0 0 0
2FA 7 10 D2 10 9D EF B1 B2 0 0 7 8 0 21 78 66 0 0 0 0 0 14 2 EA 0 0 72 1 0 28 D 4  
150 21 9D D2 C8 C8 0 28 7 6 7 6 0 3D 0 0 0 0 0 0 0 0 0 0 0 0 0 0 0 0 0 0 0
3BA 3E D9 33 0 FC FF 0 0 0 0 0 0 0 0 0 0 0 0 0 0 0 0 0 0 0 0 0 0 0 0 0 0  
3BA CD 47 34 0 FC FF 0 0 0 0 0 0 0 0 0 0 0 0 0 0 0 0 0 0 0 0 0 0 0 0 0 0
3BA 8B 1E 35 0 FC FF 0 0 0 0 0 0 0 0 0 0 0 0 0 0 0 0 0 0 0 0 0 0 0 0 0 0  
3BA 41 F5 36 0 FC FF 0 0 0 0 0 0 0 0 0 0 0 0 0 0 0 0 0 0 0 0 0 0 0 0 0 0
3BA 7 AC 37 0 FC FF 0 0 0 0 0 0 0 0 0 0 0 0 0 0 0 0 0 0 0 0 0 0 0 0 0 0
3BA 5F 8B 38 0 F7 FF 0 0 0 0 0 0 0 0 0 0 0 0 0 0 0 0 0 0 0 0 0 0 0 0 0 0  
3BA C0 81 39 0 FC FF 0 0 0 0 0 0 0 0 0 0 0 0 0 0 0 0 0 0 0 0 0 0 0 0 0 0
215 76 90 A5 1 35 EA D ED D EE D EC D ED D EE D EE D EE D EF D EE D EC D EE D EE D 0  
3BA A 6A 3A 0 FC FF 0 0 0 0 0 0 0 0 0 0 0 0 0 0 0 0 0 0 0 0 0 0 0 0 0 0
3BA 4C 33 3B 0 FC FF 0 0 0 0 0 0 0 0 0 0 0 0 0 0 0 0 0 0 0 0 0 0 0 0 0 0  
3BA BF AD 3C 0 FC FF 0 0 0 0 0 0 0 0 0 0 0 0 0 0 0 0 0 0 0 0 0 0 0 0 0 0
235 54 2 D3 0 0 0 0 0 40 34 67 0 0 11 19 0 0 0 9D 0 0 0 0 4 0 0 0 0 1 0 0 0
2FA 7A 27 D3 10 9D EF B1 B2 0 0 7 8 0 22 78 66 0 0 0 0 0 14 2 EA 0 0 72 1 0 28 D 4  
150 67 C4 D3 C8 C8 0 28 7 6 7 6 0 3D 0 0 0 0 0 0 0 0 0 0 0 0 0 0 0 0 0 0 0
1F5 70 91 D3 0 0 0 0 C 33 0 D0 7 0 0 0 0 0 D4 3 98 3 0 0 0 E1 0 C8 C8 14 0 E1 0  
3BA 33 1F 3E 0 FC FF 0 0 0 0 0 0 0 0 0 0 0 0 0 0 0 0 0 0 0 0 0 0 0 0 0 0
215 3 93 A6 1 42 EE D ED D EE D EF D EE D EE D EF D ED D EE D ED D EC D EE D ED D 0  
3BA 75 46 3F 0 FC FF 0 0 0 0 0 0 0 0 0 0 0 0 0 0 0 0 0 0 0 0 0 0 0 0 0 0
3BA 89 7D 40 0 0 0 0 0 0 0 0 0 0 0 0 0 0 0 0 0 0 0 0 0 0 0 0 0 0 0 0 0  
3BA CF 24 41 0 0 0 0 0 0 0 0 0 0 0 0 0 0 0 0 0 0 0 0 0 0 0 0 0 0 0 0 0
3BA 61 FE 42 0 FC FF 0 0 0 0 0 0 0 0 0 0 0 0 0 0 0 0 0 0 0 0 0 0 0 0 0 0  
3BA 43 96 43 0 0 0 0 0 0 0 0 0 0 0 0 0 0 0 0 0 0 0 0 0 0 0 0 0 0 0 0 0
215 3 F0 A7 1 4F ED D EE D EE D EE D ED D ED D ED D ED D EE D EE D ED D EE D EC D 0  
3BA D4 39 44 0 FC FF 0 0 0 0 0 0 0 0 0 0 0 0 0 0 0 0 0 0 0 0 0 0 0 0 0 0
3BA 92 60 45 0 FC FF 0 0 0 0 0 0 0 0 0 0 0 0 0 0 0 0 0 0 0 0 0 0 0 0 0 0
3BA 58 8B 46 0 FC FF 0 0 0 0 0 0 0 0 0 0 0 0 0 0 0 0 0 0 0 0 0 0 0 0 0 0  
235 A7 9C D4 0 0 0 0 0 40 34 67 0 0 11 19 0 0 0 9D 0 0 0 0 4 0 0 0 0 1 0 0 0
2FA 7F 7F D4 10 9D EF B1 B2 0 0 7 8 0 2D 78 66 0 0 0 0 0 14 2 EA 0 0 72 1 0 28 D 4  
150 94 5A D4 C8 C8 0 28 7 6 7 6 0 3D 0 0 0 0 0 0 0 0 0 0 0 0 0 0 0 0 0 0 0
3BA 7A E3 47 0 0 0 0 0 0 0 0 0 0 0 0 0 0 0 0 0 0 0 0 0 0 0 0 0 0 0 0 0  
3BA FB 97 48 0 0 0 0 0 0 0 0 0 0 0 0 0 0 0 0 0 0 0 0 0 0 0 0 0 0 0 0 0
215 FA 38 A8 1 5C ED D ED D EE D EE D EE D EE D EE D EF D EE D EE D EE D EE D EE D 0  
3BA D9 FF 49 0 FC FF 0 0 0 0 0 0 0 0 0 0 0 0 0 0 0 0 0 0 0 0 0 0 0 0 0 0
3BA 13 14 4A 0 FC FF 0 0 0 0 0 0 0 0 0 0 0 0 0 0 0 0 0 0 0 0 0 0 0 0 0 0
3BA 55 4D 4B 0 FC FF 0 0 0 0 0 0 0 0 0 0 0 0 0 0 0 0 0 0 0 0 0 0 0 0 0 0  
3BA C2 E2 4C 0 0 0 0 0 0 0 0 0 0 0 0 0 0 0 0 0 0 0 0 0 0 0 0 0 0 0 0 0
3BA 39 D9 4D 0 F7 FF 0 0 0 0 0 0 0 0 0 0 0 0 0 0 0 0 0 0 0 0 0 0 0 0 0 0  
215 51 74 A9 1 69 ED D EE D EE D EC D ED D EE D ED D EE D ED D EA D EE D EE D EE D 0
21A B3 73 E3 1 3 0 0 66 0 0 0 0 1 7 0 0 B4 12 B8 B 51 74 A9 1 69 ED D EE D EE D EC
3BA 2A 61 4E 0 FC FF 0 0 0 0 0 0 0 0 0 0 0 0 0 0 0 0 0 0 0 0 0 0 0 0 0 0
3BA 6C 38 4F 0 FC FF 0 0 0 0 0 0 0 0 0 0 0 0 0 0 0 0 0 0 0 0 0 0 0 0 0 0
3BA F1 DB 50 0 F7 FF 0 0 0 0 0 0 0 0 0 0 0 0 0 0 0 0 0 0 0 0 0 0 0 0 0 0  
235 E1 C5 D5 0 0 0 0 0 40 34 67 0 0 11 19 0 0 0 9D 0 0 0 0 4 0 0 0 0 1 0 0 0
2FA 5 A3 D5 10 9D EF B2 B2 0 0 7 8 0 70 78 66 0 0 0 0 0 14 2 EA 0 0 72 1 0 28 D 4  
3BA 6E D1 51 0 FC FF 0 0 0 0 0 0 0 0 0 0 0 0 0 0 0 0 0 0 0 0 0 0 0 0 0 0
3BA A4 3A 52 0 FC FF 0 0 0 0 0 0 0 0 0 0 0 0 0 0 0 0 0 0 0 0 0 0 0 0 0 0  
215 2D F6 AA 1 76 EC D ED D F0 D E8 D EE D EE D EE D EE D ED D EA D EE D EE D EE D 0
3BA E2 63 53 0 FC FF 0 0 0 0 0 0 0 0 0 0 0 0 0 0 0 0 0 0 0 0 0 0 0 0 0 0  
3BA 11 FD 54 0 FC FF 0 0 0 0 0 0 0 0 0 0 0 0 0 0 0 0 0 0 0 0 0 0 0 0 0 0
3BA 57 A4 55 0 FC FF 0 0 0 0 0 0 0 0 0 0 0 0 0 0 0 0 0 0 0 0 0 0 0 0 0 0  
3BA 9D 4F 56 0 FC FF 0 0 0 0 0 0 0 0 0 0 0 0 0 0 0 0 0 0 0 0 0 0 0 0 0 0
3BA DB 16 57 0 FC FF 0 0 0 0 0 0 0 0 0 0 0 0 0 0 0 0 0 0 0 0 0 0 0 0 0 0  
215 13 13 AB 1 83 EC D EC D EA D ED D EE D ED D ED D ED D ED D EC D ED D EC D ED D 0
3BA 3E 53 58 0 0 0 0 0 0 0 0 0 0 0 0 0 0 0 0 0 0 0 0 0 0 0 0 0 0 0 0 0  
3BA 1C 3B 59 0 FC FF 0 0 0 0 0 0 0 0 0 0 0 0 0 0 0 0 0 0 0 0 0 0 0 0 0 0
3BA D6 D0 5A 0 FC FF 0 0 0 0 0 0 0 0 0 0 0 0 0 0 0 0 0 0 0 0 0 0 0 0 0 0
235 2B 2E D6 0 0 0 0 0 40 34 67 0 0 11 19 0 0 0 9D 0 0 0 0 4 0 0 0 0 1 0 0 0  
2FA 18 E2 D6 10 9D EF B2 B2 0 0 7 8 0 A7 78 66 0 0 0 0 0 14 2 EA 0 0 72 1 0 28 D 4
150 18 E8 D6 C8 C8 0 28 7 6 7 6 0 3D 0 0 0 0 0 0 0 0 0 0 0 0 0 0 0 0 0 0 0  
1F5 F BD D6 0 0 0 0 C 33 0 D0 7 0 0 0 0 0 D4 3 98 3 0 0 0 E1 0 C8 C8 14 0 E1 0
3BA 90 89 5B 0 FC FF 0 0 0 0 0 0 0 0 0 0 0 0 0 0 0 0 0 0 0 0 0 0 0 0 0 0  
3BA 7 26 5C 0 0 0 0 0 0 0 0 0 0 0 0 0 0 0 0 0 0 0 0 0 0 0 0 0 0 0 0 0
3BA 25 4E 5D 0 FC FF 0 0 0 0 0 0 0 0 0 0 0 0 0 0 0 0 0 0 0 0 0 0 0 0 0 0
3BA EF A5 5E 0 FC FF 0 0 0 0 0 0 0 0 0 0 0 0 0 0 0 0 0 0 0 0 0 0 0 0 0 0  
3BA A9 FC 5F 0 FC FF 0 0 0 0 0 0 0 0 0 0 0 0 0 0 0 0 0 0 0 0 0 0 0 0 0 0
3BA 46 D5 60 0 FC FF 0 0 0 0 0 0 0 0 0 0 0 0 0 0 0 0 0 0 0 0 0 0 0 0 0 0  
3BA 0 8C 61 0 FC FF 0 0 0 0 0 0 0 0 0 0 0 0 0 0 0 0 0 0 0 0 0 0 0 0 0 0
215 13 ED AD 1 9D EC D EB D EC D EC D ED D EA D EA D EC D EB D EC D EC D ED D ED D 0
3BA CA 67 62 0 FC FF 0 0 0 0 0 0 0 0 0 0 0 0 0 0 0 0 0 0 0 0 0 0 0 0 0 0  
3BA 8C 3E 63 0 FC FF 0 0 0 0 0 0 0 0 0 0 0 0 0 0 0 0 0 0 0 0 0 0 0 0 0 0
3BA 7F A0 64 0 FC FF 0 0 0 0 0 0 0 0 0 0 0 0 0 0 0 0 0 0 0 0 0 0 0 0 0 0  
235 6D 77 D7 0 0 0 0 0 40 34 67 0 0 11 19 0 0 0 9D 0 0 0 0 4 0 0 0 0 1 0 0 0  
2FA DE A1 D7 10 9D EF B2 B2 0 0 7 8 0 AE 78 66 0 0 0 0 0 14 2 EA 0 0 72 1 0 28 D 4
150 5E B1 D7 C8 C8 0 28 7 6 7 6 0 3D 0 0 0 0 0 0 0 0 0 0 0 0 0 0 0 0 0 0 0  
1F5 49 E4 D7 0 0 0 0 C 33 0 D0 7 0 0 0 0 0 D4 3 98 3 0 0 0 E1 0 C8 C8 14 0 E1 0
3BA 97 23 66 0 0 0 0 0 0 0 0 0 0 0 0 0 0 0 0 0 0 0 0 0 0 0 0 0 0 0 0 0
215 D2 41 AE 1 AA EF D F0 D F0 D EF D EE D F0 D EF D F0 D EF D EB D EE D 0 0 0 0 0  
3BA B5 4B 67 0 FC FF 0 0 0 0 0 0 0 0 0 0 0 0 0 0 0 0 0 0 0 0 0 0 0 0 0 0
3BA 34 3F 68 0 FC FF 0 0 0 0 0 0 0 0 0 0 0 0 0 0 0 0 0 0 0 0 0 0 0 0 0 0  
3BA 72 66 69 0 FC FF 0 0 0 0 0 0 0 0 0 0 0 0 0 0 0 0 0 0 0 0 0 0 0 0 0 0
3BA 61 DE 6A 0 F7 FF 0 0 0 0 0 0 0 0 0 0 0 0 0 0 0 0 0 0 0 0 0 0 0 0 0 0
3BA FE D4 6B 0 FC FF 0 0 0 0 0 0 0 0 0 0 0 0 0 0 0 0 0 0 0 0 0 0 0 0 0 0  
215 91 5C AF 2 1 9E 2 C6 2 9E 2 C6 2 A8 2 A8 2 76 2 A8 2 80 2 A8 2 9E 2 BC 2 9E 2 0
3BA D 4A 6C 0 FC FF 0 0 0 0 0 0 0 0 0 0 0 0 0 0 0 0 0 0 0 0 0 0 0 0 0 0  
3BA 4B 13 6D 0 FC FF 0 0 0 0 0 0 0 0 0 0 0 0 0 0 0 0 0 0 0 0 0 0 0 0 0 0
3BA 58 AB 6E 0 F7 FF 0 0 0 0 0 0 0 0 0 0 0 0 0 0 0 0 0 0 0 0 0 0 0 0 0 0  
235 EC 3 D8 0 0 0 0 0 40 34 67 0 0 11 19 0 0 0 9D 0 0 0 0 4 0 0 0 0 1 0 0 0
2FA A9 0 D8 10 9D EF B2 B2 0 0 7 8 0 AF 78 66 0 0 0 0 0 14 2 EA 0 0 72 1 0 28 D 4  
150 DF C5 D8 C8 C8 0 28 7 6 7 6 0 3D 0 0 0 0 0 0 0 0 0 0 0 0 0 0 0 0 0 0 0
330 98 E3 D8 F1 0 0 0 0 0 0 0 0 0 0 0 0 0 0 0 0 0 0 0 C8 C8 0 0 0 E6 7F E6 7F
3BA E7 20 70 0 0 0 0 0 0 0 0 0 0 0 0 0 0 0 0 0 0 0 0 0 0 0 0 0 0 0 0 0  
215 CF AF B0 2 E DA 2 A8 2 DA 2 B2 2 C6 2 0 0 0 0 0 0 0 0 0 0 0 0 0 0 0 0 0
3BA C5 48 71 0 FC FF 0 0 0 0 0 0 0 0 0 0 0 0 0 0 0 0 0 0 0 0 0 0 0 0 0 0  
3BA 6B 92 72 0 0 0 0 0 0 0 0 0 0 0 0 0 0 0 0 0 0 0 0 0 0 0 0 0 0 0 0 0
3BA 49 FA 73 0 FC FF 0 0 0 0 0 0 0 0 0 0 0 0 0 0 0 0 0 0 0 0 0 0 0 0 0 0  
3BA BA 64 74 0 FC FF 0 0 0 0 0 0 0 0 0 0 0 0 0 0 0 0 0 0 0 0 0 0 0 0 0 0
3BA FC 3D 75 0 FC FF 0 0 0 0 0 0 0 0 0 0 0 0 0 0 0 0 0 0 0 0 0 0 0 0 0 0
215 BC 11 B1 1 1 ED D ED D ED D EE D ED D ED D EE D EE D EE D EE D ED D ED D EC D 0
3BA EF 85 76 0 F7 FF 0 0 0 0 0 0 0 0 0 0 0 0 0 0 0 0 0 0 0 0 0 0 0 0 0 0  
3BA A9 DC 77 0 F7 FF 0 0 0 0 0 0 0 0 0 0 0 0 0 0 0 0 0 0 0 0 0 0 0 0 0 0
3BA F1 FB 78 0 FC FF 0 0 0 0 0 0 0 0 0 0 0 0 0 0 0 0 0 0 0 0 0 0 0 0 0 0  
235 AA 5A D9 0 0 0 0 0 40 34 67 0 0 11 19 0 0 0 9D 0 0 0 0 4 0 0 0 0 1 0 0 0
2FA BF 11 D9 10 9D EF B1 B2 0 0 7 8 0 21 78 66 0 0 0 0 0 14 2 EA 0 0 72 1 0 28 D 4  
3BA B7 A2 79 0 FC FF 0 0 0 0 0 0 0 0 0 0 0 0 0 0 0 0 0 0 0 0 0 0 0 0 0 0
3BA 19 78 7A 0 0 0 0 0 0 0 0 0 0 0 0 0 0 0 0 0 0 0 0 0 0 0 0 0 0 0 0 0
215 97 25 B2 1 E EE D ED D EE D ED D EE D ED D ED D EE D ED D EE D EC D EA D ED D 0  
3BA 3B 10 7B 0 FC FF 0 0 0 0 0 0 0 0 0 0 0 0 0 0 0 0 0 0 0 0 0 0 0 0 0 0
3BA C8 8E 7C 0 FC FF 0 0 0 0 0 0 0 0 0 0 0 0 0 0 0 0 0 0 0 0 0 0 0 0 0 0  
3BA 8E D7 7D 0 FC FF 0 0 0 0 0 0 0 0 0 0 0 0 0 0 0 0 0 0 0 0 0 0 0 0 0 0
3BA 20 D 7E 0 0 0 0 0 0 0 0 0 0 0 0 0 0 0 0 0 0 0 0 0 0 0 0 0 0 0 0 0  
3BA 2 65 7F 0 FC FF 0 0 0 0 0 0 0 0 0 0 0 0 0 0 0 0 0 0 0 0 0 0 0 0 0 0
215 F4 6C B3 1 1B ED D EE D EE D EE D EE D EE D EC D ED D ED D ED D ED D EE D EE D 0  
3BA 10 18 80 0 0 0 0 0 0 0 0 0 0 0 0 0 0 0 0 0 0 0 0 0 0 0 0 0 0 0 0 0
3BA 32 70 81 0 FC FF 0 0 0 0 0 0 0 0 0 0 0 0 0 0 0 0 0 0 0 0 0 0 0 0 0 0  
3BA F8 9B 82 0 FC FF 0 0 0 0 0 0 0 0 0 0 0 0 0 0 0 0 0 0 0 0 0 0 0 0 0 0
235 60 B1 DA 0 0 0 0 0 40 34 67 0 0 11 19 0 0 0 9D 0 0 0 0 4 0 0 0 0 1 0 0 0  
2FA F2 F9 DA 10 9D EF B2 B2 0 0 7 8 0 22 78 66 0 0 0 0 0 14 2 EA 0 0 72 1 0 28 D 4
55 13 15 7B D 22 0 E6 EA F0 D E8 D 0 0 0 63 0 0 0 0 0 0 0 0 0 0 0 0 0 0 0 0  
3BA BE C2 83 0 FC FF 0 0 0 0 0 0 0 0 0 0 0 0 0 0 0 0 0 0 0 0 0 0 0 0 0 0
3BA 4D 5C 84 0 FC FF 0 0 0 0 0 0 0 0 0 0 0 0 0 0 0 0 0 0 0 0 0 0 0 0 0 0
215 9E 9C B4 1 28 EE D EE D EE D EE D EE D EA D EE D EE D EE D EE D EC D EE D EE D 0  
3BA B 5 85 0 FC FF 0 0 0 0 0 0 0 0 0 0 0 0 0 0 0 0 0 0 0 0 0 0 0 0 0 0
3BA C1 EE 86 0 FC FF 0 0 0 0 0 0 0 0 0 0 0 0 0 0 0 0 0 0 0 0 0 0 0 0 0 0  
3BA 87 B7 87 0 FC FF 0 0 0 0 0 0 0 0 0 0 0 0 0 0 0 0 0 0 0 0 0 0 0 0 0 0
3BA 6 C3 88 0 FC FF 0 0 0 0 0 0 0 0 0 0 0 0 0 0 0 0 0 0 0 0 0 0 0 0 0 0  
3BA 40 9A 89 0 FC FF 0 0 0 0 0 0 0 0 0 0 0 0 0 0 0 0 0 0 0 0 0 0 0 0 0 0
215 51 B1 B5 1 35 EA D ED D EE D ED D EE D EE D EE D EE D EF D EE D EC D EE D ED D 0
3BA EE 40 8A 0 0 0 0 0 0 0 0 0 0 0 0 0 0 0 0 0 0 0 0 0 0 0 0 0 0 0 0 0  
3BA CC 28 8B 0 FC FF 0 0 0 0 0 0 0 0 0 0 0 0 0 0 0 0 0 0 0 0 0 0 0 0 0 0
3BA 5B 87 8C 0 0 0 0 0 0 0 0 0 0 0 0 0 0 0 0 0 0 0 0 0 0 0 0 0 0 0 0 0  
235 26 E8 DB 0 0 0 0 0 40 34 67 0 0 11 19 0 0 0 9D 0 0 0 0 4 0 0 0 0 1 0 0 0
2FA 42 66 DB 10 9D EF B2 B2 0 0 7 8 0 2D 78 66 0 0 0 0 0 14 2 EA 0 0 72 1 0 28 D 4  
150 15 2E DB C8 C8 0 28 7 6 7 6 0 3D 0 0 0 0 0 0 0 0 0 0 0 0 0 0 0 0 0 0 0
3BA 79 EF 8D 0 FC FF 0 0 0 0 0 0 0 0 0 0 0 0 0 0 0 0 0 0 0 0 0 0 0 0 0 0  
3BA B3 4 8E 0 FC FF 0 0 0 0 0 0 0 0 0 0 0 0 0 0 0 0 0 0 0 0 0 0 0 0 0 0
3BA 91 6C 8F 0 0 0 0 0 0 0 0 0 0 0 0 0 0 0 0 0 0 0 0 0 0 0 0 0 0 0 0 0  
3BA D5 DC 90 0 0 0 0 0 0 0 0 0 0 0 0 0 0 0 0 0 0 0 0 0 0 0 0 0 0 0 0 0
3BA 93 85 91 0 0 0 0 0 0 0 0 0 0 0 0 0 0 0 0 0 0 0 0 0 0 0 0 0 0 0 0 0  
7EC 3 7F 22 31 AA AA AA AA
3BA 3D 5F 92 0 FC FF 0 0 0 0 0 0 0 0 0 0 0 0 0 0 0 0 0 0 0 0 0 0 0 0 0 0
3BA 7B 6 93 0 FC FF 0 0 0 0 0 0 0 0 0 0 0 0 0 0 0 0 0 0 0 0 0 0 0 0 0 0
215 99 21 B7 1 4F ED D EE D EE D EF D ED D ED D EE D ED D EE D EE D EC D EE D ED D 0  
3BA 88 98 94 0 FC FF 0 0 0 0 0 0 0 0 0 0 0 0 0 0 0 0 0 0 0 0 0 0 0 0 0 0
3BA CE C1 95 0 FC FF 0 0 0 0 0 0 0 0 0 0 0 0 0 0 0 0 0 0 0 0 0 0 0 0 0 0  
3BA 4 2A 96 0 FC FF 0 0 0 0 0 0 0 0 0 0 0 0 0 0 0 0 0 0 0 0 0 0 0 0 0 0
235 D5 76 DC 0 0 0 0 0 40 34 67 0 0 11 19 0 0 0 9D 0 0 0 0 4 0 0 0 0 1 0 0 0  
2FA 8D 7D DC 10 9D EF B1 B2 0 0 7 8 0 70 78 66 0 0 0 0 0 14 2 EA 0 0 72 1 0 28 D 4
150 E6 B0 DC C8 C8 0 28 7 6 7 6 0 3D 0 0 0 0 0 0 0 0 0 0 0 0 0 0 0 0 0 0 0  
3BA C3 7 98 0 FC FF 0 0 0 0 0 0 0 0 0 0 0 0 0 0 0 0 0 0 0 0 0 0 0 0 0 0
215 CD 3 B8 1 5C EE D EC D EE D EE D EE D EE D EE D EE D EF D EE D EE D EE D EE D 0
3BA 85 5E 99 0 FC FF 0 0 0 0 0 0 0 0 0 0 0 0 0 0 0 0 0 0 0 0 0 0 0 0 0 0  
3BA 4F B5 9A 0 FC FF 0 0 0 0 0 0 0 0 0 0 0 0 0 0 0 0 0 0 0 0 0 0 0 0 0 0
3BA 9 EC 9B 0 FC FF 0 0 0 0 0 0 0 0 0 0 0 0 0 0 0 0 0 0 0 0 0 0 0 0 0 0  
7EC 3 7F 22 31 AA AA AA AA
3BA FA 72 9C 0 FC FF 0 0 0 0 0 0 0 0 0 0 0 0 0 0 0 0 0 0 0 0 0 0 0 0 0 0
3BA BC 2B 9D 0 FC FF 0 0 0 0 0 0 0 0 0 0 0 0 0 0 0 0 0 0 0 0 0 0 0 0 0 0  
215 8C AA B9 1 69 ED D EE D ED D ED D EE D EE D EE D EE D ED D EA D EE D EE D ED D 0
3BA 76 C0 9E 0 FC FF 0 0 0 0 0 0 0 0 0 0 0 0 0 0 0 0 0 0 0 0 0 0 0 0 0 0  
3BA 30 99 9F 0 FC FF 0 0 0 0 0 0 0 0 0 0 0 0 0 0 0 0 0 0 0 0 0 0 0 0 0 0
3BA DF B0 A0 0 FC FF 0 0 0 0 0 0 0 0 0 0 0 0 0 0 0 0 0 0 0 0 0 0 0 0 0 0
235 93 2F DD 0 0 0 0 0 40 34 67 0 0 11 19 0 0 0 9D 0 0 0 0 4 0 0 0 0 1 0 0 0  
2FA A0 E3 DD 10 9D EF B2 B2 0 0 7 8 0 A7 78 66 0 0 0 0 0 14 2 EA 0 0 72 1 0 28 D 4
25A 13 A9 DD 4C 3C 1E 0 0 0 0 33 0 A7 3D EF 0 0 C8 0 0 0 80 B4 70 AC E 7 0 0 0 0 0
3BA 99 E9 A1 0 FC FF 0 0 0 0 0 0 0 0 0 0 0 0 0 0 0 0 0 0 0 0 0 0 0 0 0 0  
3BA 8A 51 A2 0 F7 FF 0 0 0 0 0 0 0 0 0 0 0 0 0 0 0 0 0 0 0 0 0 0 0 0 0 0
3BA 15 5B A3 0 FC FF 0 0 0 0 0 0 0 0 0 0 0 0 0 0 0 0 0 0 0 0 0 0 0 0 0 0
3BA E6 C5 A4 0 FC FF 0 0 0 0 0 0 0 0 0 0 0 0 0 0 0 0 0 0 0 0 0 0 0 0 0 0
3BA A0 9C A5 0 FC FF 0 0 0 0 0 0 0 0 0 0 0 0 0 0 0 0 0 0 0 0 0 0 0 0 0 0
3BA E 46 A6 0 0 0 0 0 0 0 0 0 0 0 0 0 0 0 0 0 0 0 0 0 0 0 0 0 0 0 0 0  
7EC 3 7F 22 31 AA AA AA AA
3BA 2C 2E A7 0 FC FF 0 0 0 0 0 0 0 0 0 0 0 0 0 0 0 0 0 0 0 0 0 0 0 0 0 0
215 6E B7 BB 1 83 EC D EC D EA D EE D EE D ED D ED D ED D EE D EC D ED D EC D ED D 0  
3BA AD 5A A8 0 FC FF 0 0 0 0 0 0 0 0 0 0 0 0 0 0 0 0 0 0 0 0 0 0 0 0 0 0
3BA EB 3 A9 0 FC FF 0 0 0 0 0 0 0 0 0 0 0 0 0 0 0 0 0 0 0 0 0 0 0 0 0 0  
3BA 21 E8 AA 0 FC FF 0 0 0 0 0 0 0 0 0 0 0 0 0 0 0 0 0 0 0 0 0 0 0 0 0 0
235 59 C4 DE 0 0 0 0 0 40 34 67 0 0 11 19 0 0 0 9D 0 0 0 0 4 0 0 0 0 1 0 0 0
2FA 56 7F DE 10 9D EF B1 B2 0 0 7 8 0 AE 78 66 0 0 0 0 0 14 2 EA 0 0 72 1 0 28 D 4  
3BA 67 B1 AB 0 FC FF 0 0 0 0 0 0 0 0 0 0 0 0 0 0 0 0 0 0 0 0 0 0 0 0 0 0
3BA 4D 7C AC 0 F7 FF 0 0 0 0 0 0 0 0 0 0 0 0 0 0 0 0 0 0 0 0 0 0 0 0 0 0  
215 D9 8A BC 1 90 EE D EE D ED D ED D EE D ED D EE D ED D EF D EE D EC D EC D EC D 0
3BA D2 76 AD 0 FC FF 0 0 0 0 0 0 0 0 0 0 0 0 0 0 0 0 0 0 0 0 0 0 0 0 0 0  
3BA 18 9D AE 0 FC FF 0 0 0 0 0 0 0 0 0 0 0 0 0 0 0 0 0 0 0 0 0 0 0 0 0 0
3BA 87 97 AF 0 F7 FF 0 0 0 0 0 0 0 0 0 0 0 0 0 0 0 0 0 0 0 0 0 0 0 0 0 0  
3BA 7E 45 B0 0 0 0 0 0 0 0 0 0 0 0 0 0 0 0 0 0 0 0 0 0 0 0 0 0 0 0 0 0
7EC 3 7F 22 31 AA AA AA AA
3BA 5C 2D B1 0 FC FF 0 0 0 0 0 0 0 0 0 0 0 0 0 0 0 0 0 0 0 0 0 0 0 0 0 0
215 F6 A1 BD 1 9D EB D EC D EC D EC D ED D EA D EB D EC D EB D EC D EC D ED D ED D 0  
21A 11 3C E4 1 3 0 0 66 0 0 0 0 1 7 0 0 B4 12 B8 B F6 A1 BD 1 9D EB D EC D EC D EC  
3BA 96 C6 B2 0 FC FF 0 0 0 0 0 0 0 0 0 0 0 0 0 0 0 0 0 0 0 0 0 0 0 0 0 0
3BA D0 9F B3 0 FC FF 0 0 0 0 0 0 0 0 0 0 0 0 0 0 0 0 0 0 0 0 0 0 0 0 0 0  
3BA 23 1 B4 0 FC FF 0 0 0 0 0 0 0 0 0 0 0 0 0 0 0 0 0 0 0 0 0 0 0 0 0 0
235 1F 9D DF 0 0 0 0 0 40 34 67 0 0 11 19 0 0 0 9D 0 0 0 0 4 0 0 0 0 1 0 0 0  
3BA 65 58 B5 0 FC FF 0 0 0 0 0 0 0 0 0 0 0 0 0 0 0 0 0 0 0 0 0 0 0 0 0 0
3BA AF B3 B6 0 FC FF 0 0 0 0 0 0 0 0 0 0 0 0 0 0 0 0 0 0 0 0 0 0 0 0 0 0
215 1C 11 BE 1 AA EF D EF D F0 D EF D EF D F0 D EF D EF D F0 D EB D EE D 0 0 0 0 0  
3BA E9 EA B7 0 FC FF 0 0 0 0 0 0 0 0 0 0 0 0 0 0 0 0 0 0 0 0 0 0 0 0 0 0
3BA 68 9E B8 0 FC FF 0 0 0 0 0 0 0 0 0 0 0 0 0 0 0 0 0 0 0 0 0 0 0 0 0 0  
3BA 2E C7 B9 0 FC FF 0 0 0 0 0 0 0 0 0 0 0 0 0 0 0 0 0 0 0 0 0 0 0 0 0 0
3BA E4 2C BA 0 FC FF 0 0 0 0 0 0 0 0 0 0 0 0 0 0 0 0 0 0 0 0 0 0 0 0 0 0  
7EC 3 7F 22 31 AA AA AA AA
3BA C6 44 BB 0 0 0 0 0 0 0 0 0 0 0 0 0 0 0 0 0 0 0 0 0 0 0 0 0 0 0 0 0
215 FA DE BF 2 1 9E 2 C6 2 9E 2 C6 2 A8 2 A8 2 76 2 A8 2 80 2 A8 2 9E 2 BC 2 94 2 0  
3BA 51 EB BC 0 FC FF 0 0 0 0 0 0 0 0 0 0 0 0 0 0 0 0 0 0 0 0 0 0 0 0 0 0
3BA 17 B2 BD 0 FC FF 0 0 0 0 0 0 0 0 0 0 0 0 0 0 0 0 0 0 0 0 0 0 0 0 0 0  
3BA DD 59 BE 0 FC FF 0 0 0 0 0 0 0 0 0 0 0 0 0 0 0 0 0 0 0 0 0 0 0 0 0 0
235 F0 B4 E0 0 0 0 0 0 40 34 67 0 0 11 19 0 0 0 9D 0 0 0 0 4 0 0 0 0 1 0 0 0
2FA E5 FF E0 10 9D EF B1 B2 0 0 7 8 0 21 78 66 0 0 0 0 0 14 2 EA 0 0 72 1 0 28 D 4  
150 C3 72 E0 C8 C8 0 28 7 6 7 6 0 3D 0 0 0 0 0 0 0 0 0 0 0 0 0 0 0 0 0 0 0
3BA 9B 0 BF 0 FC FF 0 0 0 0 0 0 0 0 0 0 0 0 0 0 0 0 0 0 0 0 0 0 0 0 0 0  
3BA 3 A C0 0 FC FF 0 0 0 0 0 0 0 0 0 0 0 0 0 0 0 0 0 0 0 0 0 0 0 0 0 0
3BA 45 53 C1 0 FC FF 0 0 0 0 0 0 0 0 0 0 0 0 0 0 0 0 0 0 0 0 0 0 0 0 0 0
3BA 8F B8 C2 0 FC FF 0 0 0 0 0 0 0 0 0 0 0 0 0 0 0 0 0 0 0 0 0 0 0 0 0 0  
3BA 10 B2 C3 0 F7 FF 0 0 0 0 0 0 0 0 0 0 0 0 0 0 0 0 0 0 0 0 0 0 0 0 0 0
3BA 3A 7F C4 0 FC FF 0 0 0 0 0 0 0 0 0 0 0 0 0 0 0 0 0 0 0 0 0 0 0 0 0 0  
7EC 3 7F 22 31 AA AA AA AA
3BA 7C 26 C5 0 FC FF 0 0 0 0 0 0 0 0 0 0 0 0 0 0 0 0 0 0 0 0 0 0 0 0 0 0  
215 FC 6F C1 1 1 ED D ED D ED D EE D EE D EE D ED D EE D EE D EE D EE D ED D EC D 0
3BA B6 CD C6 0 FC FF 0 0 0 0 0 0 0 0 0 0 0 0 0 0 0 0 0 0 0 0 0 0 0 0 0 0  
3BA F0 94 C7 0 FC FF 0 0 0 0 0 0 0 0 0 0 0 0 0 0 0 0 0 0 0 0 0 0 0 0 0 0
3BA 71 E0 C8 0 FC FF 0 0 0 0 0 0 0 0 0 0 0 0 0 0 0 0 0 0 0 0 0 0 0 0 0 0
235 B6 ED E1 0 0 0 0 0 40 34 67 0 0 11 19 0 0 0 9D 0 0 0 0 4 0 0 0 0 1 0 0 0
2FA 98 C8 E1 10 9D EF B1 B2 0 0 7 8 0 22 78 66 0 0 0 0 0 14 2 EA 0 0 72 1 0 28 D 4
150 85 2B E1 C8 C8 0 28 7 6 7 6 0 3D 0 0 0 0 0 0 0 0 0 0 0 0 0 0 0 0 0 0 0  
3BA FD 52 CA 0 FC FF 0 0 0 0 0 0 0 0 0 0 0 0 0 0 0 0 0 0 0 0 0 0 0 0 0 0
215 20 98 C2 1 E EE D EE D EE D ED D EE D ED D ED D EE D EE D EE D ED D E9 D ED D 0  
3BA BB B CB 0 FC FF 0 0 0 0 0 0 0 0 0 0 0 0 0 0 0 0 0 0 0 0 0 0 0 0 0 0
3BA 91 C6 CC 0 F7 FF 0 0 0 0 0 0 0 0 0 0 0 0 0 0 0 0 0 0 0 0 0 0 0 0 0 0  
3BA E CC CD 0 FC FF 0 0 0 0 0 0 0 0 0 0 0 0 0 0 0 0 0 0 0 0 0 0 0 0 0 0
3BA C4 27 CE 0 FC FF 0 0 0 0 0 0 0 0 0 0 0 0 0 0 0 0 0 0 0 0 0 0 0 0 0 0
3BA E6 4F CF 0 0 0 0 0 0 0 0 0 0 0 0 0 0 0 0 0 0 0 0 0 0 0 0 0 0 0 0 0  
215 2E 1 C3 1 1B EC D EE D EE D EE D EE D EE D EC D EE D ED D ED D ED D EE D EE D 0
7EC 3 7F 22 31 AA AA AA AA
3BA C6 CE D0 0 FC FF 0 0 0 0 0 0 0 0 0 0 0 0 0 0 0 0 0 0 0 0 0 0 0 0 0 0  
3BA 80 97 D1 0 FC FF 0 0 0 0 0 0 0 0 0 0 0 0 0 0 0 0 0 0 0 0 0 0 0 0 0 0
3BA 4A 7C D2 0 FC FF 0 0 0 0 0 0 0 0 0 0 0 0 0 0 0 0 0 0 0 0 0 0 0 0 0 0  
235 7C 6 E2 0 0 0 0 0 40 34 67 0 0 11 19 0 0 0 9D 0 0 0 0 4 0 0 0 0 1 0 0 0
2FA 18 88 E2 10 9D EF B2 B2 0 0 7 8 0 2D 78 66 0 0 0 0 0 14 2 EA 0 0 72 1 0 28 D 4
150 4F C0 E2 C8 C8 0 28 7 6 7 6 0 3D 0 0 0 0 0 0 0 0 0 0 0 0 0 0 0 0 0 0 0
360 EA E8 E2 0 0 0 0 0 0 0 0 0 0 0 0 31 2E 0 0 0 1 0 0 0 1 0 0 0 EF EF 0 EF
3BA FF BB D4 0 FC FF 0 0 0 0 0 0 0 0 0 0 0 0 0 0 0 0 0 0 0 0 0 0 0 0 0 0
215 BD DC C4 1 28 EF D EE D ED D EE D EE D EA D EE D EE D EE D EE D EC D EE D EE D 0  
3BA B9 E2 D5 0 FC FF 0 0 0 0 0 0 0 0 0 0 0 0 0 0 0 0 0 0 0 0 0 0 0 0 0 0
3BA 73 9 D6 0 FC FF 0 0 0 0 0 0 0 0 0 0 0 0 0 0 0 0 0 0 0 0 0 0 0 0 0 0  
3BA 35 50 D7 0 FC FF 0 0 0 0 0 0 0 0 0 0 0 0 0 0 0 0 0 0 0 0 0 0 0 0 0 0
3BA B4 24 D8 0 FC FF 0 0 0 0 0 0 0 0 0 0 0 0 0 0 0 0 0 0 0 0 0 0 0 0 0 0  
3BA F2 7D D9 0 FC FF 0 0 0 0 0 0 0 0 0 0 0 0 0 0 0 0 0 0 0 0 0 0 0 0 0 0
215 48 CF C5 1 35 EA D ED D EE D ED D EE D EE D EE D EE D EF D EE D EC D EE D ED D 0
7EC 3 7F 22 31 AA AA AA AA  
3BA E1 C5 DA 0 F7 FF 0 0 0 0 0 0 0 0 0 0 0 0 0 0 0 0 0 0 0 0 0 0 0 0 0 0
3BA 7E CF DB 0 FC FF 0 0 0 0 0 0 0 0 0 0 0 0 0 0 0 0 0 0 0 0 0 0 0 0 0 0
3BA 8D 51 DC 0 FC FF 0 0 0 0 0 0 0 0 0 0 0 0 0 0 0 0 0 0 0 0 0 0 0 0 0 0  
235 3A 5F E3 0 0 0 0 0 40 34 67 0 0 11 19 0 0 0 9D 0 0 0 0 4 0 0 0 0 1 0 0 0
2FA DE 39 E3 10 9D EF B2 B2 0 0 7 8 0 70 78 66 0 0 0 0 0 14 2 EA 0 0 72 1 0 28 D 4  
3BA CB 8 DD 0 FC FF 0 0 0 0 0 0 0 0 0 0 0 0 0 0 0 0 0 0 0 0 0 0 0 0 0 0
3BA 1 E3 DE 0 FC FF 0 0 0 0 0 0 0 0 0 0 0 0 0 0 0 0 0 0 0 0 0 0 0 0 0 0  
215 84 B C6 1 42 EE D EE D EE D EE D EE D EE D EF D ED D EE D EE D EC D EE D ED D 0
3BA 47 BA DF 0 FC FF 0 0 0 0 0 0 0 0 0 0 0 0 0 0 0 0 0 0 0 0 0 0 0 0 0 0
3BA A8 93 E0 0 FC FF 0 0 0 0 0 0 0 0 0 0 0 0 0 0 0 0 0 0 0 0 0 0 0 0 0 0  
3BA 37 99 E1 0 F7 FF 0 0 0 0 0 0 0 0 0 0 0 0 0 0 0 0 0 0 0 0 0 0 0 0 0 0
3BA 24 21 E2 0 FC FF 0 0 0 0 0 0 0 0 0 0 0 0 0 0 0 0 0 0 0 0 0 0 0 0 0 0  
3BA 6 49 E3 0 0 0 0 0 0 0 0 0 0 0 0 0 0 0 0 0 0 0 0 0 0 0 0 0 0 0 0 0  
215 AE D9 C7 1 4F ED D EE D EE D EE D ED D ED D EE D EE D EE D EE D EC D EE D ED D 0
7EC 3 7F 22 31 AA AA AA AA
3BA 91 E6 E4 0 FC FF 0 0 0 0 0 0 0 0 0 0 0 0 0 0 0 0 0 0 0 0 0 0 0 0 0 0  
3BA D7 BF E5 0 FC FF 0 0 0 0 0 0 0 0 0 0 0 0 0 0 0 0 0 0 0 0 0 0 0 0 0 0
3BA 1D 54 E6 0 FC FF 0 0 0 0 0 0 0 0 0 0 0 0 0 0 0 0 0 0 0 0 0 0 0 0 0 0  
235 C9 C1 E4 0 0 0 0 0 40 34 67 0 0 11 19 0 0 0 9D 0 0 0 0 4 0 0 0 0 1 0 0 0
2FA 46 60 E4 10 9D EF B1 B2 0 0 7 8 0 A7 78 66 0 0 0 0 0 14 2 EA 0 0 72 1 0 28 D 4
55 96 FF 7D D 22 0 E6 EA F0 D E7 D 0 0 0 63 0 0 0 0 0 0 0 0 0 0 0 0 0 0 0 0  
3BA 5B D E7 0 FC FF 0 0 0 0 0 0 0 0 0 0 0 0 0 0 0 0 0 0 0 0 0 0 0 0 0 0
3BA DA 79 E8 0 FC FF 0 0 0 0 0 0 0 0 0 0 0 0 0 0 0 0 0 0 0 0 0 0 0 0 0 0  
215 4B A C8 1 5C EE D EC D EE D ED D EE D EE D EE D EE D EF D EE D EE D ED D EE D 0
3BA 9C 20 E9 0 FC FF 0 0 0 0 0 0 0 0 0 0 0 0 0 0 0 0 0 0 0 0 0 0 0 0 0 0  
3BA 8F 98 EA 0 F7 FF 0 0 0 0 0 0 0 0 0 0 0 0 0 0 0 0 0 0 0 0 0 0 0 0 0 0
3BA 10 92 EB 0 FC FF 0 0 0 0 0 0 0 0 0 0 0 0 0 0 0 0 0 0 0 0 0 0 0 0 0 0
3BA E3 C EC 0 FC FF 0 0 0 0 0 0 0 0 0 0 0 0 0 0 0 0 0 0 0 0 0 0 0 0 0 0  
3BA A5 55 ED 0 FC FF 0 0 0 0 0 0 0 0 0 0 0 0 0 0 0 0 0 0 0 0 0 0 0 0 0 0
215 FA EF C9 1 69 ED D EE D EE D EC D ED D EE D ED D EE D EE D EA D EE D EE D ED D 0  
7EC 3 7F 22 31 AA AA AA AA
3BA B 8F EE 0 0 0 0 0 0 0 0 0 0 0 0 0 0 0 0 0 0 0 0 0 0 0 0 0 0 0 0 0
3BA 29 E7 EF 0 FC FF 0 0 0 0 0 0 0 0 0 0 0 0 0 0 0 0 0 0 0 0 0 0 0 0 0 0  
3BA 6D 57 F0 0 FC FF 0 0 0 0 0 0 0 0 0 0 0 0 0 0 0 0 0 0 0 0 0 0 0 0 0 0
235 8F 98 E5 0 0 0 0 0 40 34 67 0 0 11 19 0 0 0 9D 0 0 0 0 4 0 0 0 0 1 0 0 0  
2FA 3C 4E E5 10 9D EF B2 B2 0 0 7 8 0 AE 78 66 0 0 0 0 0 14 2 EA 0 0 72 1 0 28 D 4
3BA 2B E F1 0 FC FF 0 0 0 0 0 0 0 0 0 0 0 0 0 0 0 0 0 0 0 0 0 0 0 0 0 0
3BA 85 D4 F2 0 0 0 0 0 0 0 0 0 0 0 0 0 0 0 0 0 0 0 0 0 0 0 0 0 0 0 0 0  
3BA A7 BC F3 0 FC FF 0 0 0 0 0 0 0 0 0 0 0 0 0 0 0 0 0 0 0 0 0 0 0 0 0 0
3BA 54 22 F4 0 FC FF 0 0 0 0 0 0 0 0 0 0 0 0 0 0 0 0 0 0 0 0 0 0 0 0 0 0  
3BA 12 7B F5 0 FC FF 0 0 0 0 0 0 0 0 0 0 0 0 0 0 0 0 0 0 0 0 0 0 0 0 0 0
3BA BC A1 F6 0 0 0 0 0 0 0 0 0 0 0 0 0 0 0 0 0 0 0 0 0 0 0 0 0 0 0 0 0  
3BA 9E C9 F7 0 FC FF 0 0 0 0 0 0 0 0 0 0 0 0 0 0 0 0 0 0 0 0 0 0 0 0 0 0
215 D3 56 CB 1 83 ED D EC D E9 D EE D ED D ED D ED D ED D ED D EC D ED D EC D ED D 0  
3BA 1F BD F8 0 FC FF 0 0 0 0 0 0 0 0 0 0 0 0 0 0 0 0 0 0 0 0 0 0 0 0 0 0
7EC 3 7F 22 31 AA AA AA AA
3BA 59 E4 F9 0 FC FF 0 0 0 0 0 0 0 0 0 0 0 0 0 0 0 0 0 0 0 0 0 0 0 0 0 0  
3BA 93 F FA 0 FC FF 0 0 0 0 0 0 0 0 0 0 0 0 0 0 0 0 0 0 0 0 0 0 0 0 0 0
235 45 73 E6 0 0 0 0 0 40 34 67 0 0 11 19 0 0 0 9D 0 0 0 0 4 0 0 0 0 1 0 0 0  
2FA BC 1D E6 10 9D EF B1 B2 0 0 7 8 0 AF 78 66 0 0 0 0 0 14 2 EA 0 0 72 1 0 28 D 4
150 76 B5 E6 C8 C8 0 28 7 6 7 6 0 3D 0 0 0 0 0 0 0 0 0 0 0 0 0 0 0 0 0 0 0  
1F5 61 E0 E6 0 0 0 0 C 33 0 D0 7 0 0 0 0 0 D4 3 98 3 0 0 0 E1 0 C8 C8 14 0 E1 0
3BA 26 C8 FC 0 FC FF 0 0 0 0 0 0 0 0 0 0 0 0 0 0 0 0 0 0 0 0 0 0 0 0 0 0
215 75 75 CC 1 90 EE D EE D ED D ED D ED D ED D EE D EC D EF D EE D ED D EC D ED D 0  
3BA 60 91 FD 0 FC FF 0 0 0 0 0 0 0 0 0 0 0 0 0 0 0 0 0 0 0 0 0 0 0 0 0 0
3BA AA 7A FE 0 FC FF 0 0 0 0 0 0 0 0 0 0 0 0 0 0 0 0 0 0 0 0 0 0 0 0 0 0  
3BA 88 12 FF 0 0 0 0 0 0 0 0 0 0 0 0 0 0 0 0 0 0 0 0 0 0 0 0 0 0 0 0 0
3BA 9A 6F 0 0 FC FF 0 0 0 0 0 0 0 0 0 0 0 0 0 0 0 0 0 0 0 0 0 0 0 0 0 0  
3BA DC 36 1 0 FC FF 0 0 0 0 0 0 0 0 0 0 0 0 0 0 0 0 0 0 0 0 0 0 0 0 0 0
215 53 87 CD 1 9D EC D EB D EB D EB D ED D EA D EA D EC D EB D EC D ED D EE D ED D 0
3BA 16 DD 2 0 FC FF 0 0 0 0 0 0 0 0 0 0 0 0 0 0 0 0 0 0 0 0 0 0 0 0 0 0  
7EC 3 7F 22 31 AA AA AA AA
3BA 50 84 3 0 FC FF 0 0 0 0 0 0 0 0 0 0 0 0 0 0 0 0 0 0 0 0 0 0 0 0 0 0
3BA A3 1A 4 0 FC FF 0 0 0 0 0 0 0 0 0 0 0 0 0 0 0 0 0 0 0 0 0 0 0 0 0 0  
235 3 2A E7 0 0 0 0 0 40 34 67 0 0 11 19 0 0 0 9D 0 0 0 0 4 0 0 0 0 1 0 0 0
2FA AA C E7 10 9D EF B2 B2 0 0 7 8 0 21 78 66 0 0 0 0 0 14 2 EA 0 0 72 1 0 28 D 4  
25A 79 B0 E7 4C 3C 1E 0 0 0 0 33 0 A7 3D EF 0 0 C8 0 0 0 80 B4 70 AB E 7 0 0 0 0 0
3BA E5 43 5 0 FC FF 0 0 0 0 0 0 0 0 0 0 0 0 0 0 0 0 0 0 0 0 0 0 0 0 0 0  
3BA 2F A8 6 0 FC FF 0 0 0 0 0 0 0 0 0 0 0 0 0 0 0 0 0 0 0 0 0 0 0 0 0 0
215 BF 24 CE 1 AA EF D F0 D EF D EF D EE D F0 D EE D EF D EF D EB D EE D 0 0 0 0 0
3BA 69 F1 7 0 FC FF 0 0 0 0 0 0 0 0 0 0 0 0 0 0 0 0 0 0 0 0 0 0 0 0 0 0  
3BA E8 85 8 0 FC FF 0 0 0 0 0 0 0 0 0 0 0 0 0 0 0 0 0 0 0 0 0 0 0 0 0 0  
3BA 77 8F 9 0 F7 FF 0 0 0 0 0 0 0 0 0 0 0 0 0 0 0 0 0 0 0 0 0 0 0 0 0 0
3BA 64 37 A 0 FC FF 0 0 0 0 0 0 0 0 0 0 0 0 0 0 0 0 0 0 0 0 0 0 0 0 0 0  
3BA 22 6E B 0 FC FF 0 0 0 0 0 0 0 0 0 0 0 0 0 0 0 0 0 0 0 0 0 0 0 0 0 0
215 E1 14 CF 2 1 9E 2 C6 2 94 2 C6 2 A8 2 A8 2 76 2 A8 2 80 2 A8 2 9E 2 B2 2 94 2 0
3BA B5 C1 C 0 0 0 0 0 0 0 0 0 0 0 0 0 0 0 0 0 0 0 0 0 0 0 0 0 0 0 0 0  
7EC 3 7F 22 31 AA AA AA AA
3BA F3 98 D 0 0 0 0 0 0 0 0 0 0 0 0 0 0 0 0 0 0 0 0 0 0 0 0 0 0 0 0 0
3BA 5D 42 E 0 FC FF 0 0 0 0 0 0 0 0 0 0 0 0 0 0 0 0 0 0 0 0 0 0 0 0 0 0  
235 82 5E E8 0 0 0 0 0 40 34 67 0 0 11 19 0 0 0 9D 0 0 0 0 4 0 0 0 0 1 0 0 0
2FA 10 16 E8 10 9D EF B2 B2 0 0 7 8 0 22 78 66 0 0 0 0 0 14 2 EA 0 0 72 1 0 28 D 4  
3BA 1B 1B F 0 FC FF 0 0 0 0 0 0 0 0 0 0 0 0 0 0 0 0 0 0 0 0 0 0 0 0 0 0
3BA 5F AB 10 0 FC FF 0 0 0 0 0 0 0 0 0 0 0 0 0 0 0 0 0 0 0 0 0 0 0 0 0 0  
215 48 F7 D0 2 E DA 2 A8 2 DA 2 A8 2 C6 2 0 0 0 0 0 0 0 0 0 0 0 0 0 0 0 0 0
3BA 19 F2 11 0 FC FF 0 0 0 0 0 0 0 0 0 0 0 0 0 0 0 0 0 0 0 0 0 0 0 0 0 0
3BA D3 19 12 0 FC FF 0 0 0 0 0 0 0 0 0 0 0 0 0 0 0 0 0 0 0 0 0 0 0 0 0 0  
3BA 95 40 13 0 FC FF 0 0 0 0 0 0 0 0 0 0 0 0 0 0 0 0 0 0 0 0 0 0 0 0 0 0
3BA BF 8D 14 0 F7 FF 0 0 0 0 0 0 0 0 0 0 0 0 0 0 0 0 0 0 0 0 0 0 0 0 0 0  
3BA 20 87 15 0 FC FF 0 0 0 0 0 0 0 0 0 0 0 0 0 0 0 0 0 0 0 0 0 0 0 0 0 0
215 DE 79 D1 1 1 ED D ED D EE D EE D ED D ED D ED D EE D EE D EE D EE D ED D EC D 0  
21A 27 1B E5 1 3 0 0 66 0 0 0 0 1 7 0 0 B4 12 B8 B DE 79 D1 1 1 ED D ED D EE D EE
3BA EA 6C 16 0 FC FF 0 0 0 0 0 0 0 0 0 0 0 0 0 0 0 0 0 0 0 0 0 0 0 0 0 0
7EC 3 7F 22 31 AA AA AA AA  
3BA AC 35 17 0 FC FF 0 0 0 0 0 0 0 0 0 0 0 0 0 0 0 0 0 0 0 0 0 0 0 0 0 0
3BA 2D 41 18 0 FC FF 0 0 0 0 0 0 0 0 0 0 0 0 0 0 0 0 0 0 0 0 0 0 0 0 0 0
235 C4 7 E9 0 0 0 0 0 40 34 67 0 0 11 19 0 0 0 9D 0 0 0 0 4 0 0 0 0 1 0 0 0  
3BA 6B 18 19 0 FC FF 0 0 0 0 0 0 0 0 0 0 0 0 0 0 0 0 0 0 0 0 0 0 0 0 0 0
3BA A1 F3 1A 0 FC FF 0 0 0 0 0 0 0 0 0 0 0 0 0 0 0 0 0 0 0 0 0 0 0 0 0 0  
215 29 D1 D2 1 E EE D ED D EE D ED D EE D EE D EC D ED D EE D EE D EC D EA D ED D 0  
3BA E7 AA 1B 0 FC FF 0 0 0 0 0 0 0 0 0 0 0 0 0 0 0 0 0 0 0 0 0 0 0 0 0 0
3BA CD 67 1C 0 F7 FF 0 0 0 0 0 0 0 0 0 0 0 0 0 0 0 0 0 0 0 0 0 0 0 0 0 0
3BA 52 6D 1D 0 FC FF 0 0 0 0 0 0 0 0 0 0 0 0 0 0 0 0 0 0 0 0 0 0 0 0 0 0  
3BA 98 86 1E 0 FC FF 0 0 0 0 0 0 0 0 0 0 0 0 0 0 0 0 0 0 0 0 0 0 0 0 0 0
3BA DE DF 1F 0 FC FF 0 0 0 0 0 0 0 0 0 0 0 0 0 0 0 0 0 0 0 0 0 0 0 0 0 0  
215 D 35 D3 1 1B ED D EE D EE D EE D EE D EE D EC D EE D ED D ED D ED D EE D EE D 0
3BA 55 C7 20 0 0 0 0 0 0 0 0 0 0 0 0 0 0 0 0 0 0 0 0 0 0 0 0 0 0 0 0 0  
3BA 77 AF 21 0 FC FF 0 0 0 0 0 0 0 0 0 0 0 0 0 0 0 0 0 0 0 0 0 0 0 0 0 0
7EC 3 7F 22 31 AA AA AA AA
3BA BD 44 22 0 FC FF 0 0 0 0 0 0 0 0 0 0 0 0 0 0 0 0 0 0 0 0 0 0 0 0 0 0  
235 E EC EA 0 0 0 0 0 40 34 67 0 0 11 19 0 0 0 9D 0 0 0 0 4 0 0 0 0 1 0 0 0
2FA 56 E7 EA 10 9D EF B1 B2 0 0 7 8 0 70 78 66 0 0 0 0 0 14 2 EA 0 0 72 1 0 28 D 4
150 3D 2A EA C8 C8 0 28 7 6 7 6 0 3D 0 0 0 0 0 0 0 0 0 0 0 0 0 0 0 0 0 0 0  
3BA FB 1D 23 0 FC FF 0 0 0 0 0 0 0 0 0 0 0 0 0 0 0 0 0 0 0 0 0 0 0 0 0 0
3BA 8 83 24 0 FC FF 0 0 0 0 0 0 0 0 0 0 0 0 0 0 0 0 0 0 0 0 0 0 0 0 0 0  
3BA 4E DA 25 0 FC FF 0 0 0 0 0 0 0 0 0 0 0 0 0 0 0 0 0 0 0 0 0 0 0 0 0 0
3BA 84 31 26 0 FC FF 0 0 0 0 0 0 0 0 0 0 0 0 0 0 0 0 0 0 0 0 0 0 0 0 0 0
3BA A6 59 27 0 0 0 0 0 0 0 0 0 0 0 0 0 0 0 0 0 0 0 0 0 0 0 0 0 0 0 0 0
3BA 43 1C 28 0 FC FF 0 0 0 0 0 0 0 0 0 0 0 0 0 0 0 0 0 0 0 0 0 0 0 0 0 0
3BA 5 45 29 0 FC FF 0 0 0 0 0 0 0 0 0 0 0 0 0 0 0 0 0 0 0 0 0 0 0 0 0 0  
215 66 CF D5 1 35 EB D ED D ED D EC D EE D EE D ED D EF D EF D EE D EC D EE D ED D 0
3BA CF AE 2A 0 FC FF 0 0 0 0 0 0 0 0 0 0 0 0 0 0 0 0 0 0 0 0 0 0 0 0 0 0  
3BA 89 F7 2B 0 FC FF 0 0 0 0 0 0 0 0 0 0 0 0 0 0 0 0 0 0 0 0 0 0 0 0 0 0
7EC 3 7F 22 31 AA AA AA AA
3BA A3 3A 2C 0 F7 FF 0 0 0 0 0 0 0 0 0 0 0 0 0 0 0 0 0 0 0 0 0 0 0 0 0 0  
235 48 B5 EB 0 0 0 0 0 40 34 67 0 0 11 19 0 0 0 9D 0 0 0 0 4 0 0 0 0 1 0 0 0
2FA C7 14 EB 10 9D EF B1 B2 0 0 7 8 0 A7 78 66 0 0 0 0 0 14 2 EA 0 0 72 1 0 28 D 4
150 7B 73 EB C8 C8 0 28 7 6 7 6 0 3D 0 0 0 0 0 0 0 0 0 0 0 0 0 0 0 0 0 0 0
1F5 6C 26 EB 0 0 0 0 C 33 0 D0 7 0 0 0 0 0 D4 3 98 3 0 0 0 E1 0 C8 C8 14 0 E1 0
3BA F6 DB 2E 0 FC FF 0 0 0 0 0 0 0 0 0 0 0 0 0 0 0 0 0 0 0 0 0 0 0 0 0 0  
215 DE 24 D6 1 42 EE D EE D EE D EE D EE D EE D EF D EC D EF D EE D EC D EE D ED D 0  
3BA B0 82 2F 0 FC FF 0 0 0 0 0 0 0 0 0 0 0 0 0 0 0 0 0 0 0 0 0 0 0 0 0 0
3BA F4 32 30 0 FC FF 0 0 0 0 0 0 0 0 0 0 0 0 0 0 0 0 0 0 0 0 0 0 0 0 0 0  
3BA B2 6B 31 0 FC FF 0 0 0 0 0 0 0 0 0 0 0 0 0 0 0 0 0 0 0 0 0 0 0 0 0 0
3BA 78 80 32 0 FC FF 0 0 0 0 0 0 0 0 0 0 0 0 0 0 0 0 0 0 0 0 0 0 0 0 0 0
3BA 3E D9 33 0 FC FF 0 0 0 0 0 0 0 0 0 0 0 0 0 0 0 0 0 0 0 0 0 0 0 0 0 0  
215 1F 54 D7 1 4F ED D EE D EE D EE D ED D ED D EE D ED D EE D EE D EC D EE D EC D 0
3BA CD 47 34 0 FC FF 0 0 0 0 0 0 0 0 0 0 0 0 0 0 0 0 0 0 0 0 0 0 0 0 0 0  
3BA 52 4D 35 0 F7 FF 0 0 0 0 0 0 0 0 0 0 0 0 0 0 0 0 0 0 0 0 0 0 0 0 0 0
7EC 3 7F 22 31 AA AA AA AA
3BA 41 F5 36 0 FC FF 0 0 0 0 0 0 0 0 0 0 0 0 0 0 0 0 0 0 0 0 0 0 0 0 0 0  
235 BB 2B EC 0 0 0 0 0 40 34 67 0 0 11 19 0 0 0 9D 0 0 0 0 4 0 0 0 0 1 0 0 0
2FA 8 FD EC 10 9D EF B2 B2 0 0 7 8 0 AE 78 66 0 0 0 0 0 14 2 EA 0 0 72 1 0 28 D 4  
335 29 F EC 0 4 66 EF B2 B2 0 0 7 8 0 AE F 0 E1 0 8 54 11 19 0 0 0 0 0 0 67 0 0
3BA 7 AC 37 0 FC FF 0 0 0 0 0 0 0 0 0 0 0 0 0 0 0 0 0 0 0 0 0 0 0 0 0 0
3BA 5F 8B 38 0 F7 FF 0 0 0 0 0 0 0 0 0 0 0 0 0 0 0 0 0 0 0 0 0 0 0 0 0 0  
3BA 19 D2 39 0 F7 FF 0 0 0 0 0 0 0 0 0 0 0 0 0 0 0 0 0 0 0 0 0 0 0 0 0 0
3BA D3 39 3A 0 F7 FF 0 0 0 0 0 0 0 0 0 0 0 0 0 0 0 0 0 0 0 0 0 0 0 0 0 0  
3BA 28 2 3B 0 0 0 0 0 0 0 0 0 0 0 0 0 0 0 0 0 0 0 0 0 0 0 0 0 0 0 0 0
3BA BF AD 3C 0 FC FF 0 0 0 0 0 0 0 0 0 0 0 0 0 0 0 0 0 0 0 0 0 0 0 0 0 0  
3BA F9 F4 3D 0 FC FF 0 0 0 0 0 0 0 0 0 0 0 0 0 0 0 0 0 0 0 0 0 0 0 0 0 0
215 3F 2B D9 1 69 ED D EE D EE D EC D ED D EE D ED D EE D EE D EA D EE D EE D ED D 0
3BA 33 1F 3E 0 FC FF 0 0 0 0 0 0 0 0 0 0 0 0 0 0 0 0 0 0 0 0 0 0 0 0 0 0  
3BA 75 46 3F 0 FC FF 0 0 0 0 0 0 0 0 0 0 0 0 0 0 0 0 0 0 0 0 0 0 0 0 0 0
7EC 3 7F 22 31 AA AA AA AA
3BA 34 1F 40 0 F7 FF 0 0 0 0 0 0 0 0 0 0 0 0 0 0 0 0 0 0 0 0 0 0 0 0 0 0  
235 FD 72 ED 0 0 0 0 0 40 34 67 0 0 11 19 0 0 0 9D 0 0 0 0 4 0 0 0 0 1 0 0 0  
2FA B8 71 ED 10 9D EF B2 B2 0 0 7 8 0 AF 78 66 0 0 0 0 0 14 2 EA 0 0 72 1 0 28 D 4
150 CE B4 ED C8 C8 0 28 7 6 7 6 0 3D 0 0 0 0 0 0 0 0 0 0 0 0 0 0 0 0 0 0 0  
335 DC 63 ED 0 4 66 EF B2 B2 0 0 7 8 0 AF F 0 E1 0 8 54 11 19 0 0 0 0 0 0 67 0 0
3BA 61 FE 42 0 FC FF 0 0 0 0 0 0 0 0 0 0 0 0 0 0 0 0 0 0 0 0 0 0 0 0 0 0  
215 2B 6 DA 1 76 ED D ED D EF D E7 D EE D EE D EE D EE D ED D E9 D EF D EE D EE D 0
3BA 27 A7 43 0 FC FF 0 0 0 0 0 0 0 0 0 0 0 0 0 0 0 0 0 0 0 0 0 0 0 0 0 0
3BA D4 39 44 0 FC FF 0 0 0 0 0 0 0 0 0 0 0 0 0 0 0 0 0 0 0 0 0 0 0 0 0 0  
3BA 92 60 45 0 FC FF 0 0 0 0 0 0 0 0 0 0 0 0 0 0 0 0 0 0 0 0 0 0 0 0 0 0
3BA 58 8B 46 0 FC FF 0 0 0 0 0 0 0 0 0 0 0 0 0 0 0 0 0 0 0 0 0 0 0 0 0 0  
3BA 1E D2 47 0 FC FF 0 0 0 0 0 0 0 0 0 0 0 0 0 0 0 0 0 0 0 0 0 0 0 0 0 0
215 97 EE DB 1 83 EC D EC D EA D EE D EE D ED D ED D EE D EE D EC D ED D EC D ED D 0  
3BA 9F A6 48 0 FC FF 0 0 0 0 0 0 0 0 0 0 0 0 0 0 0 0 0 0 0 0 0 0 0 0 0 0
3BA D9 FF 49 0 FC FF 0 0 0 0 0 0 0 0 0 0 0 0 0 0 0 0 0 0 0 0 0 0 0 0 0 0
7EC 3 7F 22 31 AA AA AA AA  
3BA 13 14 4A 0 FC FF 0 0 0 0 0 0 0 0 0 0 0 0 0 0 0 0 0 0 0 0 0 0 0 0 0 0
235 37 99 EE 0 0 0 0 0 40 34 67 0 0 11 19 0 0 0 9D 0 0 0 0 4 0 0 0 0 1 0 0 0
2FA 22 D2 EE 10 9D EF B1 B2 0 0 7 8 0 21 78 66 0 0 0 0 0 14 2 EA 0 0 72 1 0 28 D 4  
3BA 55 4D 4B 0 FC FF 0 0 0 0 0 0 0 0 0 0 0 0 0 0 0 0 0 0 0 0 0 0 0 0 0 0
3BA A6 D3 4C 0 FC FF 0 0 0 0 0 0 0 0 0 0 0 0 0 0 0 0 0 0 0 0 0 0 0 0 0 0  
215 8B DF DC 1 90 EE D EE D ED D ED D EE D ED D EE D EC D EF D EE D ED D EC D ED D 0
3BA 84 BB 4D 0 0 0 0 0 0 0 0 0 0 0 0 0 0 0 0 0 0 0 0 0 0 0 0 0 0 0 0 0  
3BA 2A 61 4E 0 FC FF 0 0 0 0 0 0 0 0 0 0 0 0 0 0 0 0 0 0 0 0 0 0 0 0 0 0
3BA 6C 38 4F 0 FC FF 0 0 0 0 0 0 0 0 0 0 0 0 0 0 0 0 0 0 0 0 0 0 0 0 0 0
3BA F1 DB 50 0 F7 FF 0 0 0 0 0 0 0 0 0 0 0 0 0 0 0 0 0 0 0 0 0 0 0 0 0 0  
3BA 6E D1 51 0 FC FF 0 0 0 0 0 0 0 0 0 0 0 0 0 0 0 0 0 0 0 0 0 0 0 0 0 0
215 52 B0 DD 1 9D EB D ED D EC D EC D ED D EA D EA D ED D EB D EC D EC D ED D ED D 0
3BA A4 3A 52 0 FC FF 0 0 0 0 0 0 0 0 0 0 0 0 0 0 0 0 0 0 0 0 0 0 0 0 0 0
3BA E2 63 53 0 FC FF 0 0 0 0 0 0 0 0 0 0 0 0 0 0 0 0 0 0 0 0 0 0 0 0 0 0
3BA 75 CC 54 0 0 0 0 0 0 0 0 0 0 0 0 0 0 0 0 0 0 0 0 0 0 0 0 0 0 0 0 0  
235 71 C0 EF 0 0 0 0 0 40 34 67 0 0 11 19 0 0 0 9D 0 0 0 0 4 0 0 0 0 1 0 0 0
2FA 5F E5 EF 10 9D EF B1 B2 0 0 7 8 0 22 78 66 0 0 0 0 0 14 2 EA 0 0 72 1 0 28 D 4  
150 42 6 EF C8 C8 0 28 7 6 7 6 0 3D 0 0 0 0 0 0 0 0 0 0 0 0 0 0 0 0 0 0 0
1F5 55 53 EF 0 0 0 0 C 33 0 D0 7 0 0 0 0 0 D4 3 98 3 0 0 0 E1 0 C8 C8 14 0 E1 0
3BA 57 A4 55 0 FC FF 0 0 0 0 0 0 0 0 0 0 0 0 0 0 0 0 0 0 0 0 0 0 0 0 0 0  
3BA 44 1C 56 0 F7 FF 0 0 0 0 0 0 0 0 0 0 0 0 0 0 0 0 0 0 0 0 0 0 0 0 0 0
215 CB 3F DE 1 AA EF D F0 D F0 D EF D EE D F0 D EF D F0 D EF D EB D EE D 0 0 0 0 0  
3BA 83 31 58 0 F7 FF 0 0 0 0 0 0 0 0 0 0 0 0 0 0 0 0 0 0 0 0 0 0 0 0 0 0
3BA C5 68 59 0 F7 FF 0 0 0 0 0 0 0 0 0 0 0 0 0 0 0 0 0 0 0 0 0 0 0 0 0 0  
3BA D6 D0 5A 0 FC FF 0 0 0 0 0 0 0 0 0 0 0 0 0 0 0 0 0 0 0 0 0 0 0 0 0 0
3BA 90 89 5B 0 FC FF 0 0 0 0 0 0 0 0 0 0 0 0 0 0 0 0 0 0 0 0 0 0 0 0 0 0
215 26 64 DF 2 1 9E 2 C6 2 9E 2 C6 2 A8 2 A8 2 76 2 A8 2 80 2 A8 2 9E 2 BC 2 94 2 0  
3BA 63 17 5C 0 FC FF 0 0 0 0 0 0 0 0 0 0 0 0 0 0 0 0 0 0 0 0 0 0 0 0 0 0  
3BA 25 4E 5D 0 FC FF 0 0 0 0 0 0 0 0 0 0 0 0 0 0 0 0 0 0 0 0 0 0 0 0 0 0
3BA EF A5 5E 0 FC FF 0 0 0 0 0 0 0 0 0 0 0 0 0 0 0 0 0 0 0 0 0 0 0 0 0 0  
235 35 70 F0 0 0 0 0 0 40 34 67 0 0 11 19 0 0 0 9D 0 0 0 0 4 0 0 0 0 1 0 0 0
2FA ED 93 F0 10 9D EF B1 B2 0 0 7 8 0 2D 78 66 0 0 0 0 0 14 2 EA 0 0 72 1 0 28 D 4
150 6 B6 F0 C8 C8 0 28 7 6 7 6 0 3D 0 0 0 0 0 0 0 0 0 0 0 0 0 0 0 0 0 0 0  
1F5 11 E3 F0 0 0 0 0 C 33 0 D0 7 0 0 0 0 0 D4 3 98 3 0 0 0 E1 0 C8 C8 14 0 E1 0
3BA A9 FC 5F 0 FC FF 0 0 0 0 0 0 0 0 0 0 0 0 0 0 0 0 0 0 0 0 0 0 0 0 0 0  
3BA 46 D5 60 0 FC FF 0 0 0 0 0 0 0 0 0 0 0 0 0 0 0 0 0 0 0 0 0 0 0 0 0 0
3BA 0 8C 61 0 FC FF 0 0 0 0 0 0 0 0 0 0 0 0 0 0 0 0 0 0 0 0 0 0 0 0 0 0  
3BA CA 67 62 0 FC FF 0 0 0 0 0 0 0 0 0 0 0 0 0 0 0 0 0 0 0 0 0 0 0 0 0 0
3BA 8C 3E 63 0 FC FF 0 0 0 0 0 0 0 0 0 0 0 0 0 0 0 0 0 0 0 0 0 0 0 0 0 0
3BA 7F A0 64 0 FC FF 0 0 0 0 0 0 0 0 0 0 0 0 0 0 0 0 0 0 0 0 0 0 0 0 0 0  
3BA 39 F9 65 0 FC FF 0 0 0 0 0 0 0 0 0 0 0 0 0 0 0 0 0 0 0 0 0 0 0 0 0 0
215 6C EA E1 1 1 ED D ED D ED D EE D ED D ED D ED D EE D EE D EE D EE D ED D EC D 0  
3BA F3 12 66 0 FC FF 0 0 0 0 0 0 0 0 0 0 0 0 0 0 0 0 0 0 0 0 0 0 0 0 0 0
3BA B5 4B 67 0 FC FF 0 0 0 0 0 0 0 0 0 0 0 0 0 0 0 0 0 0 0 0 0 0 0 0 0 0  
3BA 34 3F 68 0 FC FF 0 0 0 0 0 0 0 0 0 0 0 0 0 0 0 0 0 0 0 0 0 0 0 0 0 0
235 73 29 F1 0 0 0 0 0 40 34 67 0 0 11 19 0 0 0 9D 0 0 0 0 4 0 0 0 0 1 0 0 0
2FA 97 4F F1 10 9D EF B2 B2 0 0 7 8 0 70 78 66 0 0 0 0 0 14 2 EA 0 0 72 1 0 28 D 4  
150 40 EF F1 C8 C8 0 28 7 6 7 6 0 3D 0 0 0 0 0 0 0 0 0 0 0 0 0 0 0 0 0 0 0
1F5 57 BA F1 0 0 0 0 C 33 0 D0 7 0 0 0 0 0 D4 3 98 3 0 0 0 E1 0 C8 C8 14 0 E1 0  
25A 9 B3 F1 4C 3C 1E 0 0 0 0 33 0 A7 3D EF 0 0 C8 0 0 0 80 B4 70 AB E 7 0 0 0 0 0
3BA DC BC 6A 0 0 0 0 0 0 0 0 0 0 0 0 0 0 0 0 0 0 0 0 0 0 0 0 0 0 0 0 0  
215 F2 84 E2 1 E EE D ED D ED D EC D ED D ED D EC D EE D ED D ED D ED D EA D ED D 0
3BA FE D4 6B 0 FC FF 0 0 0 0 0 0 0 0 0 0 0 0 0 0 0 0 0 0 0 0 0 0 0 0 0 0  
3BA D 4A 6C 0 FC FF 0 0 0 0 0 0 0 0 0 0 0 0 0 0 0 0 0 0 0 0 0 0 0 0 0 0
3BA 4B 13 6D 0 FC FF 0 0 0 0 0 0 0 0 0 0 0 0 0 0 0 0 0 0 0 0 0 0 0 0 0 0
3BA 81 F8 6E 0 FC FF 0 0 0 0 0 0 0 0 0 0 0 0 0 0 0 0 0 0 0 0 0 0 0 0 0 0  
3BA C7 A1 6F 0 FC FF 0 0 0 0 0 0 0 0 0 0 0 0 0 0 0 0 0 0 0 0 0 0 0 0 0 0
215 63 68 E3 1 1B ED D EE D EE D EE D EE D EE D EC D EE D ED D ED D ED D EE D EE D 0
3BA 83 11 70 0 FC FF 0 0 0 0 0 0 0 0 0 0 0 0 0 0 0 0 0 0 0 0 0 0 0 0 0 0  
3BA C5 48 71 0 FC FF 0 0 0 0 0 0 0 0 0 0 0 0 0 0 0 0 0 0 0 0 0 0 0 0 0 0
3BA 6B 92 72 0 0 0 0 0 0 0 0 0 0 0 0 0 0 0 0 0 0 0 0 0 0 0 0 0 0 0 0 0
235 B9 C2 F2 0 0 0 0 0 40 34 67 0 0 11 19 0 0 0 9D 0 0 0 0 4 0 0 0 0 1 0 0 0  
2FA 8A E F2 10 9D EF B2 B2 0 0 7 8 0 A7 78 66 0 0 0 0 0 14 2 EA 0 0 72 1 0 28 D 4
150 8A 4 F2 C8 C8 0 28 7 6 7 6 0 3D 0 0 0 0 0 0 0 0 0 0 0 0 0 0 0 0 0 0 0  
325 95 FE F2 0 10 0 0 0 0 0 0 0 1 0 0 0 D0 7 E1 0 0 D4 3 0 C8 98 3 0 0 0 0 0
3BA BA 64 74 0 FC FF 0 0 0 0 0 0 0 0 0 0 0 0 0 0 0 0 0 0 0 0 0 0 0 0 0 0  
215 A 4A E4 1 28 EE D EE D EE D EE D EE D EA D ED D EE D EE D EE D EC D EE D EE D 0
3BA FC 3D 75 0 FC FF 0 0 0 0 0 0 0 0 0 0 0 0 0 0 0 0 0 0 0 0 0 0 0 0 0 0
3BA 36 D6 76 0 FC FF 0 0 0 0 0 0 0 0 0 0 0 0 0 0 0 0 0 0 0 0 0 0 0 0 0 0  
3BA 14 BE 77 0 0 0 0 0 0 0 0 0 0 0 0 0 0 0 0 0 0 0 0 0 0 0 0 0 0 0 0 0
3BA F1 FB 78 0 FC FF 0 0 0 0 0 0 0 0 0 0 0 0 0 0 0 0 0 0 0 0 0 0 0 0 0 0  
3BA B7 A2 79 0 FC FF 0 0 0 0 0 0 0 0 0 0 0 0 0 0 0 0 0 0 0 0 0 0 0 0 0 0
215 C5 67 E5 1 35 EA D ED D EE D ED D EE D EE D ED D EE D EF D EE D EC D EE D ED D 0  
21A 26 7E E6 1 3 0 0 66 0 0 0 0 1 7 0 0 B4 12 B8 B C5 67 E5 1 35 EA D ED D EE D ED
3BA 7D 49 7A 0 FC FF 0 0 0 0 0 0 0 0 0 0 0 0 0 0 0 0 0 0 0 0 0 0 0 0 0 0
3BA E2 43 7B 0 F7 FF 0 0 0 0 0 0 0 0 0 0 0 0 0 0 0 0 0 0 0 0 0 0 0 0 0 0  
3BA C8 8E 7C 0 FC FF 0 0 0 0 0 0 0 0 0 0 0 0 0 0 0 0 0 0 0 0 0 0 0 0 0 0
235 FF 9B F3 0 0 0 0 0 40 34 67 0 0 11 19 0 0 0 9D 0 0 0 0 4 0 0 0 0 1 0 0 0  
2FA F0 20 F3 10 9D EF B1 B2 0 0 7 8 0 AE 78 66 0 0 0 0 0 14 2 EA 0 0 72 1 0 28 D 4
3BA 8E D7 7D 0 FC FF 0 0 0 0 0 0 0 0 0 0 0 0 0 0 0 0 0 0 0 0 0 0 0 0 0 0  
3BA 44 3C 7E 0 FC FF 0 0 0 0 0 0 0 0 0 0 0 0 0 0 0 0 0 0 0 0 0 0 0 0 0 0
215 D5 EA E6 1 42 EE D EE D EE D EE D EE D EE D EF D ED D EE D ED D EC D EE D ED D 0
3BA 2 65 7F 0 FC FF 0 0 0 0 0 0 0 0 0 0 0 0 0 0 0 0 0 0 0 0 0 0 0 0 0 0
3BA 74 29 80 0 FC FF 0 0 0 0 0 0 0 0 0 0 0 0 0 0 0 0 0 0 0 0 0 0 0 0 0 0  
3BA 32 70 81 0 FC FF 0 0 0 0 0 0 0 0 0 0 0 0 0 0 0 0 0 0 0 0 0 0 0 0 0 0
3BA F8 9B 82 0 FC FF 0 0 0 0 0 0 0 0 0 0 0 0 0 0 0 0 0 0 0 0 0 0 0 0 0 0  
3BA 67 91 83 0 F7 FF 0 0 0 0 0 0 0 0 0 0 0 0 0 0 0 0 0 0 0 0 0 0 0 0 0 0
215 81 D4 E7 1 4F ED D EE D EE D EE D EC D ED D EE D EE D EE D EE D ED D EE D EC D 0  
3BA 4D 5C 84 0 FC FF 0 0 0 0 0 0 0 0 0 0 0 0 0 0 0 0 0 0 0 0 0 0 0 0 0 0
3BA B 5 85 0 FC FF 0 0 0 0 0 0 0 0 0 0 0 0 0 0 0 0 0 0 0 0 0 0 0 0 0 0
3BA C1 EE 86 0 FC FF 0 0 0 0 0 0 0 0 0 0 0 0 0 0 0 0 0 0 0 0 0 0 0 0 0 0  
235 C 5 F4 0 0 0 0 0 40 34 67 0 0 11 19 0 0 0 9D 0 0 0 0 4 0 0 0 0 1 0 0 0
2FA 49 6 F4 10 9D EF B2 B2 0 0 7 8 0 AF 78 66 0 0 0 0 0 14 2 EA 0 0 72 1 0 28 D 4  
3BA 87 B7 87 0 FC FF 0 0 0 0 0 0 0 0 0 0 0 0 0 0 0 0 0 0 0 0 0 0 0 0 0 0
7EC 3 7F 22 31 AA AA AA AA
3BA 6 C3 88 0 FC FF 0 0 0 0 0 0 0 0 0 0 0 0 0 0 0 0 0 0 0 0 0 0 0 0 0 0  
215 7A B4 E8 1 5C EE D ED D EE D EE D EE D EE D EE D EE D EE D EE D EE D EE D EE D 0
3BA 8A 71 8A 0 FC FF 0 0 0 0 0 0 0 0 0 0 0 0 0 0 0 0 0 0 0 0 0 0 0 0 0 0  
3BA 15 7B 8B 0 F7 FF 0 0 0 0 0 0 0 0 0 0 0 0 0 0 0 0 0 0 0 0 0 0 0 0 0 0
3BA 3F B6 8C 0 FC FF 0 0 0 0 0 0 0 0 0 0 0 0 0 0 0 0 0 0 0 0 0 0 0 0 0 0
3BA 79 EF 8D 0 FC FF 0 0 0 0 0 0 0 0 0 0 0 0 0 0 0 0 0 0 0 0 0 0 0 0 0 0  
215 5F 56 E9 1 69 ED D EE D ED D EC D ED D EE D ED D EE D EE D EA D EE D EE D EE D 0
3BA B3 4 8E 0 FC FF 0 0 0 0 0 0 0 0 0 0 0 0 0 0 0 0 0 0 0 0 0 0 0 0 0 0  
3BA F5 5D 8F 0 FC FF 0 0 0 0 0 0 0 0 0 0 0 0 0 0 0 0 0 0 0 0 0 0 0 0 0 0
3BA B1 ED 90 0 FC FF 0 0 0 0 0 0 0 0 0 0 0 0 0 0 0 0 0 0 0 0 0 0 0 0 0 0
235 4A 5C F5 0 0 0 0 0 40 34 67 0 0 11 19 0 0 0 9D 0 0 0 0 4 0 0 0 0 1 0 0 0  
2FA E3 7A F5 10 9D EF B2 B2 0 0 7 8 0 21 78 66 0 0 0 0 0 14 2 EA 0 0 72 1 0 28 D 4
150 79 9A F5 C8 C8 0 28 7 6 7 6 0 3D 0 0 0 0 0 0 0 0 0 0 0 0 0 0 0 0 0 0 0  
1F5 6E CF F5 0 0 0 0 C 33 0 D0 7 0 0 0 0 0 D4 3 98 3 0 0 0 E1 0 C8 C8 14 0 E1 0
3BA F7 B4 91 0 FC FF 0 0 0 0 0 0 0 0 0 0 0 0 0 0 0 0 0 0 0 0 0 0 0 0 0 0  
3BA 7B 6 93 0 FC FF 0 0 0 0 0 0 0 0 0 0 0 0 0 0 0 0 0 0 0 0 0 0 0 0 0 0  
3BA 88 98 94 0 FC FF 0 0 0 0 0 0 0 0 0 0 0 0 0 0 0 0 0 0 0 0 0 0 0 0 0 0
3BA CE C1 95 0 FC FF 0 0 0 0 0 0 0 0 0 0 0 0 0 0 0 0 0 0 0 0 0 0 0 0 0 0
3BA 4 2A 96 0 FC FF 0 0 0 0 0 0 0 0 0 0 0 0 0 0 0 0 0 0 0 0 0 0 0 0 0 0
3BA 42 73 97 0 FC FF 0 0 0 0 0 0 0 0 0 0 0 0 0 0 0 0 0 0 0 0 0 0 0 0 0 0
215 5D 2F EB 1 83 EC D EC D EA D EE D ED D EC D ED D ED D ED D EC D ED D EC D ED D 0  
3BA C3 7 98 0 FC FF 0 0 0 0 0 0 0 0 0 0 0 0 0 0 0 0 0 0 0 0 0 0 0 0 0 0
3BA 85 5E 99 0 FC FF 0 0 0 0 0 0 0 0 0 0 0 0 0 0 0 0 0 0 0 0 0 0 0 0 0 0  
3BA 4F B5 9A 0 FC FF 0 0 0 0 0 0 0 0 0 0 0 0 0 0 0 0 0 0 0 0 0 0 0 0 0 0
235 80 B7 F6 0 0 0 0 0 40 34 67 0 0 11 19 0 0 0 9D 0 0 0 0 4 0 0 0 0 1 0 0 0
2FA AE 92 F6 10 9D EF B1 B2 0 0 7 8 0 22 78 66 0 0 0 0 0 14 2 EA 0 0 72 1 0 28 D 4  
150 B3 71 F6 C8 C8 0 28 7 6 7 6 0 3D 0 0 0 0 0 0 0 0 0 0 0 0 0 0 0 0 0 0 0
1F5 A4 24 F6 0 0 0 0 C 33 0 D0 7 0 0 0 0 0 D4 3 98 3 0 0 0 E1 0 C8 C8 14 0 E1 0  
25A FA 2D F6 4C 3C 1E 0 0 0 0 33 0 A7 3D EF 0 0 C8 0 0 0 80 B4 70 AB E 7 0 0 0 0 0
7EC 3 7F 22 31 AA AA AA AA
3BA FA 72 9C 0 FC FF 0 0 0 0 0 0 0 0 0 0 0 0 0 0 0 0 0 0 0 0 0 0 0 0 0 0  
3BA D8 1A 9D 0 0 0 0 0 0 0 0 0 0 0 0 0 0 0 0 0 0 0 0 0 0 0 0 0 0 0 0 0
3BA 76 C0 9E 0 FC FF 0 0 0 0 0 0 0 0 0 0 0 0 0 0 0 0 0 0 0 0 0 0 0 0 0 0  
3BA 30 99 9F 0 FC FF 0 0 0 0 0 0 0 0 0 0 0 0 0 0 0 0 0 0 0 0 0 0 0 0 0 0
3BA DF B0 A0 0 FC FF 0 0 0 0 0 0 0 0 0 0 0 0 0 0 0 0 0 0 0 0 0 0 0 0 0 0
3BA FD D8 A1 0 0 0 0 0 0 0 0 0 0 0 0 0 0 0 0 0 0 0 0 0 0 0 0 0 0 0 0 0  
215 3C 97 ED 1 9D EC D EC D EC D EC D ED D EA D EA D EC D EB D ED D ED D ED D ED D 0
3BA 53 2 A2 0 FC FF 0 0 0 0 0 0 0 0 0 0 0 0 0 0 0 0 0 0 0 0 0 0 0 0 0 0  
3BA 15 5B A3 0 FC FF 0 0 0 0 0 0 0 0 0 0 0 0 0 0 0 0 0 0 0 0 0 0 0 0 0 0
3BA E6 C5 A4 0 FC FF 0 0 0 0 0 0 0 0 0 0 0 0 0 0 0 0 0 0 0 0 0 0 0 0 0 0  
235 C6 EE F7 0 0 0 0 0 40 34 67 0 0 11 19 0 0 0 9D 0 0 0 0 4 0 0 0 0 1 0 0 0
2FA 1E D F7 10 9D EF B1 B2 0 0 7 8 0 2D 78 66 0 0 0 0 0 14 2 EA 0 0 72 1 0 28 D 4  
1F5 E2 7D F7 0 0 0 0 C 33 0 D0 7 0 0 0 0 0 D4 3 98 3 0 0 0 E1 0 C8 C8 14 0 E1 0
3BA B3 24 A6 0 F7 FF 0 0 0 0 0 0 0 0 0 0 0 0 0 0 0 0 0 0 0 0 0 0 0 0 0 0  
215 A3 9F EE 1 AA EF D F0 D F0 D F0 D EE D F0 D EF D F0 D F0 D EC D EE D 0 0 0 0 0
3BA 2C 2E A7 0 FC FF 0 0 0 0 0 0 0 0 0 0 0 0 0 0 0 0 0 0 0 0 0 0 0 0 0 0  
3BA AD 5A A8 0 FC FF 0 0 0 0 0 0 0 0 0 0 0 0 0 0 0 0 0 0 0 0 0 0 0 0 0 0
3BA 32 50 A9 0 F7 FF 0 0 0 0 0 0 0 0 0 0 0 0 0 0 0 0 0 0 0 0 0 0 0 0 0 0  
3BA 21 E8 AA 0 FC FF 0 0 0 0 0 0 0 0 0 0 0 0 0 0 0 0 0 0 0 0 0 0 0 0 0 0
3BA 67 B1 AB 0 FC FF 0 0 0 0 0 0 0 0 0 0 0 0 0 0 0 0 0 0 0 0 0 0 0 0 0 0
215 BF 88 EF 2 1 9E 2 C6 2 94 2 C6 2 A8 2 A8 2 76 2 9E 2 80 2 A8 2 9E 2 B2 2 94 2 0  
3BA F0 1E AC 0 0 0 0 0 0 0 0 0 0 0 0 0 0 0 0 0 0 0 0 0 0 0 0 0 0 0 0 0
3BA D2 76 AD 0 FC FF 0 0 0 0 0 0 0 0 0 0 0 0 0 0 0 0 0 0 0 0 0 0 0 0 0 0  
3BA 18 9D AE 0 FC FF 0 0 0 0 0 0 0 0 0 0 0 0 0 0 0 0 0 0 0 0 0 0 0 0 0 0
235 47 9A F8 0 0 0 0 0 40 34 67 0 0 11 19 0 0 0 9D 0 0 0 0 4 0 0 0 0 1 0 0 0  
2FA A3 FC F8 10 9D EF B2 B2 0 0 7 8 0 70 78 66 0 0 0 0 0 14 2 EA 0 0 72 1 0 28 D 4
55 1A 75 81 D 22 0 E6 EA F0 D E8 D 0 0 0 63 0 0 0 0 0 0 0 0 0 0 0 0 0 0 0 0
3BA 87 97 AF 0 F7 FF 0 0 0 0 0 0 0 0 0 0 0 0 0 0 0 0 0 0 0 0 0 0 0 0 0 0  
3BA 1A 74 B0 0 FC FF 0 0 0 0 0 0 0 0 0 0 0 0 0 0 0 0 0 0 0 0 0 0 0 0 0 0
215 69 E8 F0 2 E DA 2 A8 2 D0 2 A8 2 C6 2 0 0 0 0 0 0 0 0 0 0 0 0 0 0 0 0 0  
3BA 5C 2D B1 0 FC FF 0 0 0 0 0 0 0 0 0 0 0 0 0 0 0 0 0 0 0 0 0 0 0 0 0 0
3BA 96 C6 B2 0 FC FF 0 0 0 0 0 0 0 0 0 0 0 0 0 0 0 0 0 0 0 0 0 0 0 0 0 0
3BA D0 9F B3 0 FC FF 0 0 0 0 0 0 0 0 0 0 0 0 0 0 0 0 0 0 0 0 0 0 0 0 0 0  
3BA 23 1 B4 0 FC FF 0 0 0 0 0 0 0 0 0 0 0 0 0 0 0 0 0 0 0 0 0 0 0 0 0 0
3BA 65 58 B5 0 FC FF 0 0 0 0 0 0 0 0 0 0 0 0 0 0 0 0 0 0 0 0 0 0 0 0 0 0  
215 10 98 F1 1 1 ED D ED D ED D EE D EE D ED D ED D EE D EE D EE D EE D EE D EC D 0
3BA AF B3 B6 0 FC FF 0 0 0 0 0 0 0 0 0 0 0 0 0 0 0 0 0 0 0 0 0 0 0 0 0 0  
3BA E9 EA B7 0 FC FF 0 0 0 0 0 0 0 0 0 0 0 0 0 0 0 0 0 0 0 0 0 0 0 0 0 0
3BA 68 9E B8 0 FC FF 0 0 0 0 0 0 0 0 0 0 0 0 0 0 0 0 0 0 0 0 0 0 0 0 0 0
235 1 C3 F9 0 0 0 0 0 40 34 67 0 0 11 19 0 0 0 9D 0 0 0 0 4 0 0 0 0 1 0 0 0  
2FA 8E 62 F9 10 9D EF B1 B2 0 0 7 8 0 A7 78 66 0 0 0 0 0 14 2 EA 0 0 72 1 0 28 D 4  
150 32 5 F9 C8 C8 0 28 7 6 7 6 0 3D 0 0 0 0 0 0 0 0 0 0 0 0 0 0 0 0 0 0 0
3BA 2E C7 B9 0 FC FF 0 0 0 0 0 0 0 0 0 0 0 0 0 0 0 0 0 0 0 0 0 0 0 0 0 0  
3BA E4 2C BA 0 FC FF 0 0 0 0 0 0 0 0 0 0 0 0 0 0 0 0 0 0 0 0 0 0 0 0 0 0
215 9F F F2 1 E EE D ED D ED D ED D EE D ED D ED D ED D EE D EE D ED D EA D ED D 0  
3BA A2 75 BB 0 FC FF 0 0 0 0 0 0 0 0 0 0 0 0 0 0 0 0 0 0 0 0 0 0 0 0 0 0
3BA 88 B8 BC 0 F7 FF 0 0 0 0 0 0 0 0 0 0 0 0 0 0 0 0 0 0 0 0 0 0 0 0 0 0
3BA 17 B2 BD 0 FC FF 0 0 0 0 0 0 0 0 0 0 0 0 0 0 0 0 0 0 0 0 0 0 0 0 0 0  
3BA 4 A BE 0 F7 FF 0 0 0 0 0 0 0 0 0 0 0 0 0 0 0 0 0 0 0 0 0 0 0 0 0 0
3BA 9B 0 BF 0 FC FF 0 0 0 0 0 0 0 0 0 0 0 0 0 0 0 0 0 0 0 0 0 0 0 0 0 0  
215 A6 AC F3 1 1B ED D EE D EE D EE D EE D EE D EC D EE D ED D ED D ED D EE D EE D 0
3BA 3 A C0 0 FC FF 0 0 0 0 0 0 0 0 0 0 0 0 0 0 0 0 0 0 0 0 0 0 0 0 0 0  
3BA 45 53 C1 0 FC FF 0 0 0 0 0 0 0 0 0 0 0 0 0 0 0 0 0 0 0 0 0 0 0 0 0 0
3BA 8F B8 C2 0 FC FF 0 0 0 0 0 0 0 0 0 0 0 0 0 0 0 0 0 0 0 0 0 0 0 0 0 0
235 CB 28 FA 0 0 0 0 0 40 34 67 0 0 11 19 0 0 0 9D 0 0 0 0 4 0 0 0 0 1 0 0 0  
2FA C4 93 FA 10 9D EF B1 B2 0 0 7 8 0 AE 78 66 0 0 0 0 0 14 2 EA 0 0 72 1 0 28 D 4
150 F8 EE FA C8 C8 0 28 7 6 7 6 0 3D 0 0 0 0 0 0 0 0 0 0 0 0 0 0 0 0 0 0 0  
3BA 10 B2 C3 0 F7 FF 0 0 0 0 0 0 0 0 0 0 0 0 0 0 0 0 0 0 0 0 0 0 0 0 0 0
3BA 3A 7F C4 0 FC FF 0 0 0 0 0 0 0 0 0 0 0 0 0 0 0 0 0 0 0 0 0 0 0 0 0 0
215 C9 DF F4 1 28 EE D EE D ED D EE D EE D EA D EE D EF D EE D EE D EC D EE D EE D 0
3BA 7C 26 C5 0 FC FF 0 0 0 0 0 0 0 0 0 0 0 0 0 0 0 0 0 0 0 0 0 0 0 0 0 0
3BA B6 CD C6 0 FC FF 0 0 0 0 0 0 0 0 0 0 0 0 0 0 0 0 0 0 0 0 0 0 0 0 0 0  
3BA 94 A5 C7 0 0 0 0 0 0 0 0 0 0 0 0 0 0 0 0 0 0 0 0 0 0 0 0 0 0 0 0 0
3BA 71 E0 C8 0 FC FF 0 0 0 0 0 0 0 0 0 0 0 0 0 0 0 0 0 0 0 0 0 0 0 0 0 0  
3BA EE EA C9 0 F7 FF 0 0 0 0 0 0 0 0 0 0 0 0 0 0 0 0 0 0 0 0 0 0 0 0 0 0
215 CE 10 F5 1 35 EA D EE D EE D EC D EE D EE D EE D EE D EF D EF D EC D EE D ED D 0
3BA FD 52 CA 0 FC FF 0 0 0 0 0 0 0 0 0 0 0 0 0 0 0 0 0 0 0 0 0 0 0 0 0 0
3BA BB B CB 0 FC FF 0 0 0 0 0 0 0 0 0 0 0 0 0 0 0 0 0 0 0 0 0 0 0 0 0 0  
3BA 48 95 CC 0 FC FF 0 0 0 0 0 0 0 0 0 0 0 0 0 0 0 0 0 0 0 0 0 0 0 0 0 0
235 8D 71 FB 0 0 0 0 0 40 34 67 0 0 11 19 0 0 0 9D 0 0 0 0 4 0 0 0 0 1 0 0 0  
2FA C8 72 FB 10 9D EF B2 B2 0 0 7 8 0 AF 78 66 0 0 0 0 0 14 2 EA 0 0 72 1 0 28 D 4
150 BE B7 FB C8 C8 0 28 7 6 7 6 0 3D 0 0 0 0 0 0 0 0 0 0 0 0 0 0 0 0 0 0 0  
1F5 A9 E2 FB 0 0 0 0 C 33 0 D0 7 0 0 0 0 0 D4 3 98 3 0 0 0 E1 0 C8 C8 14 0 E1 0
3BA C4 27 CE 0 FC FF 0 0 0 0 0 0 0 0 0 0 0 0 0 0 0 0 0 0 0 0 0 0 0 0 0 0
215 A4 6B F6 1 42 EE D EE D EF D EE D EE D EE D EF D ED D EE D ED D EC D EE D ED D 0  
3BA 82 7E CF 0 FC FF 0 0 0 0 0 0 0 0 0 0 0 0 0 0 0 0 0 0 0 0 0 0 0 0 0 0
3BA A2 FF D0 0 0 0 0 0 0 0 0 0 0 0 0 0 0 0 0 0 0 0 0 0 0 0 0 0 0 0 0 0  
3BA 80 97 D1 0 FC FF 0 0 0 0 0 0 0 0 0 0 0 0 0 0 0 0 0 0 0 0 0 0 0 0 0 0
3BA 4A 7C D2 0 FC FF 0 0 0 0 0 0 0 0 0 0 0 0 0 0 0 0 0 0 0 0 0 0 0 0 0 0  
3BA C 25 D3 0 FC FF 0 0 0 0 0 0 0 0 0 0 0 0 0 0 0 0 0 0 0 0 0 0 0 0 0 0
215 15 BA F7 1 4F ED D EE D EE D EE D EC D ED D EE D EE D EE D EE D ED D EE D ED D 0
3BA FF BB D4 0 FC FF 0 0 0 0 0 0 0 0 0 0 0 0 0 0 0 0 0 0 0 0 0 0 0 0 0 0  
3BA DD D3 D5 0 0 0 0 0 0 0 0 0 0 0 0 0 0 0 0 0 0 0 0 0 0 0 0 0 0 0 0 0
3BA 17 38 D6 0 0 0 0 0 0 0 0 0 0 0 0 0 0 0 0 0 0 0 0 0 0 0 0 0 0 0 0 0  
235 7E EF FC 0 0 0 0 0 40 34 67 0 0 11 19 0 0 0 9D 0 0 0 0 4 0 0 0 0 1 0 0 0
2FA 6B A4 FC 10 9D EF B1 B2 0 0 7 8 0 21 78 66 0 0 0 0 0 14 2 EA 0 0 72 1 0 28 D 4  
150 4D 29 FC C8 C8 0 28 7 6 7 6 0 3D 0 0 0 0 0 0 0 0 0 0 0 0 0 0 0 0 0 0 0
325 52 D3 FC 0 10 0 0 0 0 0 0 0 1 0 0 0 D0 7 E1 0 0 D4 3 0 C8 98 3 0 0 0 0 0
3BA B4 24 D8 0 FC FF 0 0 0 0 0 0 0 0 0 0 0 0 0 0 0 0 0 0 0 0 0 0 0 0 0 0  
215 6 C6 F8 1 5C EE D ED D EE D EE D ED D EE D EE D EE D EE D EE D EE D ED D EE D 0
3BA F2 7D D9 0 FC FF 0 0 0 0 0 0 0 0 0 0 0 0 0 0 0 0 0 0 0 0 0 0 0 0 0 0  
3BA 38 96 DA 0 FC FF 0 0 0 0 0 0 0 0 0 0 0 0 0 0 0 0 0 0 0 0 0 0 0 0 0 0  
3BA 7E CF DB 0 FC FF 0 0 0 0 0 0 0 0 0 0 0 0 0 0 0 0 0 0 0 0 0 0 0 0 0 0
3BA E9 60 DC 0 0 0 0 0 0 0 0 0 0 0 0 0 0 0 0 0 0 0 0 0 0 0 0 0 0 0 0 0  
3BA CB 8 DD 0 FC FF 0 0 0 0 0 0 0 0 0 0 0 0 0 0 0 0 0 0 0 0 0 0 0 0 0 0
215 C0 E7 F9 1 69 ED D EE D ED D ED D ED D EE D EE D EE D ED D EA D EE D EE D ED D 0
21A 21 B3 E7 1 3 0 0 66 0 0 0 0 1 7 0 0 B4 12 B8 B C0 E7 F9 1 69 ED D EE D ED D ED  
3BA 1 E3 DE 0 FC FF 0 0 0 0 0 0 0 0 0 0 0 0 0 0 0 0 0 0 0 0 0 0 0 0 0 0
3BA 47 BA DF 0 FC FF 0 0 0 0 0 0 0 0 0 0 0 0 0 0 0 0 0 0 0 0 0 0 0 0 0 0  
3BA A8 93 E0 0 FC FF 0 0 0 0 0 0 0 0 0 0 0 0 0 0 0 0 0 0 0 0 0 0 0 0 0 0
235 38 B6 FD 0 0 0 0 0 40 34 67 0 0 11 19 0 0 0 9D 0 0 0 0 4 0 0 0 0 1 0 0 0
335 8E AC FD 0 4 66 EF B1 B2 0 0 7 8 0 22 F 0 E1 0 8 54 11 19 0 0 0 0 0 0 67 0 0
3BA EE CA E1 0 FC FF 0 0 0 0 0 0 0 0 0 0 0 0 0 0 0 0 0 0 0 0 0 0 0 0 0 0
3BA 24 21 E2 0 FC FF 0 0 0 0 0 0 0 0 0 0 0 0 0 0 0 0 0 0 0 0 0 0 0 0 0 0  
215 1A 33 FA 1 76 EC D ED D EF D E7 D EE D EE D EE D EE D EE D EA D EE D EE D EE D 0
3BA 62 78 E3 0 FC FF 0 0 0 0 0 0 0 0 0 0 0 0 0 0 0 0 0 0 0 0 0 0 0 0 0 0  
3BA 91 E6 E4 0 FC FF 0 0 0 0 0 0 0 0 0 0 0 0 0 0 0 0 0 0 0 0 0 0 0 0 0 0
3BA D7 BF E5 0 FC FF 0 0 0 0 0 0 0 0 0 0 0 0 0 0 0 0 0 0 0 0 0 0 0 0 0 0
3BA 1D 54 E6 0 FC FF 0 0 0 0 0 0 0 0 0 0 0 0 0 0 0 0 0 0 0 0 0 0 0 0 0 0  
3BA 5B D E7 0 FC FF 0 0 0 0 0 0 0 0 0 0 0 0 0 0 0 0 0 0 0 0 0 0 0 0 0 0
215 4 3B FB 1 83 EC D EC D EA D ED D EE D ED D ED D ED D EE D EC D ED D EC D ED D 0  
3BA DA 79 E8 0 FC FF 0 0 0 0 0 0 0 0 0 0 0 0 0 0 0 0 0 0 0 0 0 0 0 0 0 0
3BA 9C 20 E9 0 FC FF 0 0 0 0 0 0 0 0 0 0 0 0 0 0 0 0 0 0 0 0 0 0 0 0 0 0  
3BA 56 CB EA 0 FC FF 0 0 0 0 0 0 0 0 0 0 0 0 0 0 0 0 0 0 0 0 0 0 0 0 0 0
235 F2 5D FE 0 0 0 0 0 40 34 67 0 0 11 19 0 0 0 9D 0 0 0 0 4 0 0 0 0 1 0 0 0
2FA 2A BE FE 10 9D EF B1 B2 0 0 7 8 0 2D 78 66 0 0 0 0 0 14 2 EA 0 0 72 1 0 28 D 4  
3BA 74 A3 EB 0 0 0 0 0 0 0 0 0 0 0 0 0 0 0 0 0 0 0 0 0 0 0 0 0 0 0 0 0
3BA E3 C EC 0 FC FF 0 0 0 0 0 0 0 0 0 0 0 0 0 0 0 0 0 0 0 0 0 0 0 0 0 0  
215 84 C3 FC 1 90 EE D EE D ED D ED D ED D ED D EE D ED D EE D EE D ED D EC D ED D 0
3BA 7C 6 ED 0 F7 FF 0 0 0 0 0 0 0 0 0 0 0 0 0 0 0 0 0 0 0 0 0 0 0 0 0 0
3BA B 8F EE 0 0 0 0 0 0 0 0 0 0 0 0 0 0 0 0 0 0 0 0 0 0 0 0 0 0 0 0 0  
3BA 4D D6 EF 0 0 0 0 0 0 0 0 0 0 0 0 0 0 0 0 0 0 0 0 0 0 0 0 0 0 0 0 0
3BA 6D 57 F0 0 FC FF 0 0 0 0 0 0 0 0 0 0 0 0 0 0 0 0 0 0 0 0 0 0 0 0 0 0
3BA 2B E F1 0 FC FF 0 0 0 0 0 0 0 0 0 0 0 0 0 0 0 0 0 0 0 0 0 0 0 0 0 0  
215 2A 4A FD 1 9D EB D EC D EC D EC D ED D EA D EA D EC D EB D ED D EC D ED D ED D 0
3BA E1 E5 F2 0 FC FF 0 0 0 0 0 0 0 0 0 0 0 0 0 0 0 0 0 0 0 0 0 0 0 0 0 0  
3BA C3 8D F3 0 0 0 0 0 0 0 0 0 0 0 0 0 0 0 0 0 0 0 0 0 0 0 0 0 0 0 0 0
3BA 54 22 F4 0 FC FF 0 0 0 0 0 0 0 0 0 0 0 0 0 0 0 0 0 0 0 0 0 0 0 0 0 0
235 B4 4 FF 0 0 0 0 0 40 34 67 0 0 11 19 0 0 0 9D 0 0 0 0 4 0 0 0 0 1 0 0 0  
2FA 50 62 FF 10 9D EF B2 B2 0 0 7 8 0 70 78 66 0 0 0 0 0 14 2 EA 0 0 72 1 0 28 D 4
150 87 C2 FF C8 C8 0 28 7 6 7 6 0 3D 0 0 0 0 0 0 0 0 0 0 0 0 0 0 0 0 0 0 0  
1F5 90 97 FF 0 0 0 0 C 33 0 D0 7 0 0 0 0 0 D4 3 98 3 0 0 0 E1 0 C8 C8 14 0 E1 0
3BA 12 7B F5 0 FC FF 0 0 0 0 0 0 0 0 0 0 0 0 0 0 0 0 0 0 0 0 0 0 0 0 0 0  
215 B1 D4 FE 1 AA F0 D F0 D F0 D F0 D EE D EF D EF D EF D EF D EB D EE D 0 0 0 0 0
3BA 9E C9 F7 0 FC FF 0 0 0 0 0 0 0 0 0 0 0 0 0 0 0 0 0 0 0 0 0 0 0 0 0 0
3BA 1F BD F8 0 FC FF 0 0 0 0 0 0 0 0 0 0 0 0 0 0 0 0 0 0 0 0 0 0 0 0 0 0  
3BA 59 E4 F9 0 FC FF 0 0 0 0 0 0 0 0 0 0 0 0 0 0 0 0 0 0 0 0 0 0 0 0 0 0
3BA 93 F FA 0 FC FF 0 0 0 0 0 0 0 0 0 0 0 0 0 0 0 0 0 0 0 0 0 0 0 0 0 0  
3BA D5 56 FB 0 FC FF 0 0 0 0 0 0 0 0 0 0 0 0 0 0 0 0 0 0 0 0 0 0 0 0 0 0
215 15 F FF 2 1 9E 2 C6 2 94 2 BC 2 A8 2 A8 2 76 2 9E 2 80 2 A8 2 9E 2 B2 2 94 2 0  
3BA 26 C8 FC 0 FC FF 0 0 0 0 0 0 0 0 0 0 0 0 0 0 0 0 0 0 0 0 0 0 0 0 0 0
3BA 60 91 FD 0 FC FF 0 0 0 0 0 0 0 0 0 0 0 0 0 0 0 0 0 0 0 0 0 0 0 0 0 0
3BA AA 7A FE 0 FC FF 0 0 0 0 0 0 0 0 0 0 0 0 0 0 0 0 0 0 0 0 0 0 0 0 0 0  
235 C2 48 0 0 0 0 0 0 40 34 67 0 0 11 19 0 0 0 9D 0 0 0 0 4 0 0 0 0 1 0 0 0
2FA 4D E9 0 10 9D EF B1 B2 0 0 7 8 0 A7 78 66 0 0 0 0 0 14 2 EA 0 0 72 1 0 28 D 4  
150 F1 8E 0 C8 C8 0 28 7 6 7 6 0 3D 0 0 0 0 0 0 0 0 0 0 0 0 0 0 0 0 0 0 0
1F5 E6 DB 0 0 0 0 0 C 33 0 D0 7 0 0 0 0 0 D4 3 98 3 0 0 0 E1 0 C8 C8 14 0 E1 0  
3BA 9A 6F 0 0 FC FF 0 0 0 0 0 0 0 0 0 0 0 0 0 0 0 0 0 0 0 0 0 0 0 0 0 0
3BA DC 36 1 0 FC FF 0 0 0 0 0 0 0 0 0 0 0 0 0 0 0 0 0 0 0 0 0 0 0 0 0 0
3BA 16 DD 2 0 FC FF 0 0 0 0 0 0 0 0 0 0 0 0 0 0 0 0 0 0 0 0 0 0 0 0 0 0
3BA 34 B5 3 0 0 0 0 0 0 0 0 0 0 0 0 0 0 0 0 0 0 0 0 0 0 0 0 0 0 0 0 0  
3BA A3 1A 4 0 FC FF 0 0 0 0 0 0 0 0 0 0 0 0 0 0 0 0 0 0 0 0 0 0 0 0 0 0
3BA E5 43 5 0 FC FF 0 0 0 0 0 0 0 0 0 0 0 0 0 0 0 0 0 0 0 0 0 0 0 0 0 0  
215 98 E3 1 1 1 ED D ED D ED D EE D ED D ED D ED D EE D EE D EE D ED D EE D EC D 0
3BA 2F A8 6 0 FC FF 0 0 0 0 0 0 0 0 0 0 0 0 0 0 0 0 0 0 0 0 0 0 0 0 0 0
3BA 69 F1 7 0 FC FF 0 0 0 0 0 0 0 0 0 0 0 0 0 0 0 0 0 0 0 0 0 0 0 0 0 0  
3BA E8 85 8 0 FC FF 0 0 0 0 0 0 0 0 0 0 0 0 0 0 0 0 0 0 0 0 0 0 0 0 0 0
235 84 11 1 0 0 0 0 0 40 34 67 0 0 11 19 0 0 0 9D 0 0 0 0 4 0 0 0 0 1 0 0 0  
2FA 37 C7 1 10 9D EF B2 B2 0 0 7 8 0 AE 78 66 0 0 0 0 0 14 2 EA 0 0 72 1 0 28 D 4
150 B7 D7 1 C8 C8 0 28 7 6 7 6 0 3D 0 0 0 0 0 0 0 0 0 0 0 0 0 0 0 0 0 0 0  
1F5 A0 82 1 0 0 0 0 C 33 0 D0 7 0 0 0 0 0 D4 3 98 3 0 0 0 E1 0 C8 C8 14 0 E1 0
